window_lps12/window_
 47  0  0  0  0  0
BAND_SELECTION
  1 47
  0  0
  0  0
  0  0
  0  0
  0  0
1 1.0 0.026
0 0 0
0 #iliketype
TT
    1    1.786172E+03   5.951525E+01   5.951525E+01   1.000000E+06    650    699
    2    1.939298E+03   6.685325E+01   6.685325E+01   1.000000E+06    700    749
    3    2.426356E+03   6.724793E+01   6.724793E+01   1.000000E+06    750    799
    4    2.577068E+03   6.830775E+01   6.830775E+01   1.000000E+06    800    849
    5    2.162306E+03   5.382037E+01   5.382037E+01   1.000000E+06    850    899
    6    1.588803E+03   3.903856E+01   3.903856E+01   1.000000E+06    900    949
    7    1.144298E+03   2.963333E+01   2.963333E+01   1.000000E+06    950    999
    8    1.067991E+03   2.716739E+01   2.716739E+01   1.000000E+06   1000   1049
    9    1.215739E+03   2.850331E+01   2.850331E+01   1.000000E+06   1050   1099
   10    1.193834E+03   2.906297E+01   2.906297E+01   1.000000E+06   1100   1149
   11    1.141060E+03   2.976236E+01   2.976236E+01   1.000000E+06   1150   1199
   12    9.247548E+02   2.305154E+01   2.305154E+01   1.000000E+06   1200   1249
   13    7.716657E+02   1.788833E+01   1.788833E+01   1.000000E+06   1250   1299
   14    7.230958E+02   1.768979E+01   1.768979E+01   1.000000E+06   1300   1349
   15    7.545911E+02   1.659046E+01   1.659046E+01   1.000000E+06   1350   1399
   16    8.473374E+02   1.703286E+01   1.703286E+01   1.000000E+06   1400   1449
   17    7.186537E+02   1.380930E+01   1.380930E+01   1.000000E+06   1450   1499
   18    6.249940E+02   1.132817E+01   1.132817E+01   1.000000E+06   1500   1549
   19    4.681143E+02   1.015484E+01   1.015484E+01   1.000000E+06   1550   1599
   20    3.956607E+02   7.852564E+00   7.852564E+00   1.000000E+06   1600   1649
   21    3.907175E+02   7.041241E+00   7.041241E+00   1.000000E+06   1650   1699
   22    3.966314E+02   6.895153E+00   6.895153E+00   1.000000E+06   1700   1749
   23    3.907311E+02   6.890591E+00   6.890591E+00   1.000000E+06   1750   1799
   24    3.367404E+02   6.160818E+00   6.160818E+00   1.000000E+06   1800   1849
   25    2.760995E+02   5.203863E+00   5.203863E+00   1.000000E+06   1850   1899
   26    2.382256E+02   4.461539E+00   4.461539E+00   1.000000E+06   1900   1949
   27    2.427527E+02   4.643016E+00   4.643016E+00   1.000000E+06   1950   1999
   28    2.457786E+02   4.854610E+00   4.854610E+00   1.000000E+06   2000   2049
   29    2.299462E+02   4.467238E+00   4.467238E+00   1.000000E+06   2050   2099
   30    1.941700E+02   3.835840E+00   3.835840E+00   1.000000E+06   2100   2149
   31    1.705598E+02   3.362050E+00   3.362050E+00   1.000000E+06   2150   2199
   32    1.405483E+02   2.785863E+00   2.785863E+00   1.000000E+06   2200   2249
   33    1.349960E+02   2.638511E+00   2.638511E+00   1.000000E+06   2250   2299
   34    1.282514E+02   2.447425E+00   2.447425E+00   1.000000E+06   2300   2349
   35    1.247996E+02   2.687040E+00   2.687040E+00   1.000000E+06   2350   2399
   36    1.158370E+02   2.226415E+00   2.226415E+00   1.000000E+06   2400   2449
   37    1.007054E+02   2.214443E+00   2.214443E+00   1.000000E+06   2450   2499
   38    9.670258E+01   2.270550E+00   2.270550E+00   1.000000E+06   2500   2549
   39    8.325798E+01   1.988803E+00   1.988803E+00   1.000000E+06   2550   2599
   40    8.570896E+01   1.795650E+00   1.795650E+00   1.000000E+06   2600   2649
   41    8.386685E+01   1.861084E+00   1.861084E+00   1.000000E+06   2650   2699
   42    7.635455E+01   1.821204E+00   1.821204E+00   1.000000E+06   2700   2749
   43    7.165427E+01   1.810876E+00   1.810876E+00   1.000000E+06   2750   2799
   44    6.290060E+01   1.730154E+00   1.730154E+00   1.000000E+06   2800   2849
   45    5.761911E+01   1.620370E+00   1.620370E+00   1.000000E+06   2850   2899
   46    5.763070E+01   1.578650E+00   1.578650E+00   1.000000E+06   2900   2949
   47    5.662964E+01   1.610927E+00   1.610927E+00   1.000000E+06   2950   2999
   1.000000E+00  -1.430632E-01   3.594130E-02  -7.442396E-03   2.296016E-03   1.102773E-02  -3.528367E-03  -4.120062E-03  -5.122331E-03  -5.653257E-03  -5.883912E-03  -6.692993E-03  -7.724777E-03  -7.842414E-03  -9.144727E-03  -1.036317E-02  -1.121837E-02  -1.221160E-02  -1.085125E-02  -1.204208E-02  -1.328783E-02  -1.386672E-02  -1.393801E-02  -1.379469E-02  -1.368236E-02  -1.387495E-02  -1.380679E-02  -1.364080E-02  -1.390644E-02  -1.386616E-02  -1.396183E-02  -1.396415E-02  -1.410192E-02  -1.428458E-02  -1.335383E-02  -1.421290E-02  -1.321381E-02  -1.272413E-02  -1.259255E-02  -1.347664E-02  -1.304893E-02  -1.252599E-02  -1.210047E-02  -1.150080E-02  -1.132177E-02  -1.145332E-02  -1.118411E-02
  -1.430632E-01   1.000000E+00  -1.437399E-01   3.593138E-02  -6.749866E-03   3.697651E-03   1.298906E-02  -1.328593E-03  -1.651798E-03  -1.823002E-03  -1.897378E-03  -2.158277E-03  -2.490988E-03  -2.528916E-03  -2.948865E-03  -3.341772E-03  -3.617542E-03  -3.937818E-03  -3.499142E-03  -3.883130E-03  -4.284826E-03  -4.471479E-03  -4.494457E-03  -4.448231E-03  -4.411996E-03  -4.474087E-03  -4.452098E-03  -4.398566E-03  -4.484212E-03  -4.471210E-03  -4.502047E-03  -4.502783E-03  -4.547195E-03  -4.606084E-03  -4.305950E-03  -4.582946E-03  -4.260778E-03  -4.102874E-03  -4.060436E-03  -4.345496E-03  -4.207567E-03  -4.038935E-03  -3.901716E-03  -3.708347E-03  -3.650608E-03  -3.693016E-03  -3.606206E-03
   3.594130E-02  -1.437399E-01   1.000000E+00  -1.429523E-01   3.722068E-02  -4.839255E-03   5.973385E-03   1.559559E-02   1.872598E-03   2.076308E-03   2.173253E-03   2.488252E-03   2.889911E-03   2.951941E-03   3.461072E-03   3.942065E-03   4.291335E-03   4.699706E-03   4.202987E-03   4.695626E-03   5.216015E-03   5.479821E-03   5.542281E-03   5.516829E-03   5.504781E-03   5.617337E-03   5.622748E-03   5.585950E-03   5.725541E-03   5.739157E-03   5.808436E-03   5.838598E-03   5.927437E-03   6.037611E-03   5.673883E-03   6.068900E-03   5.670209E-03   5.487051E-03   5.458190E-03   5.872484E-03   5.716163E-03   5.515982E-03   5.356603E-03   5.117897E-03   5.062895E-03   5.145064E-03   5.044957E-03
  -7.442396E-03   3.593138E-02  -1.429523E-01   1.000000E+00  -1.404417E-01   3.978915E-02  -1.940235E-03   9.381437E-03   1.989484E-02   6.509264E-03   6.813180E-03   7.800706E-03   9.059907E-03   9.254363E-03   1.085050E-02   1.235845E-02   1.345343E-02   1.473369E-02   1.317646E-02   1.472087E-02   1.635228E-02   1.717931E-02   1.737511E-02   1.729532E-02   1.725755E-02   1.761041E-02   1.762737E-02   1.751202E-02   1.794963E-02   1.799230E-02   1.820948E-02   1.830403E-02   1.858253E-02   1.892793E-02   1.778763E-02   1.902601E-02   1.777611E-02   1.720191E-02   1.711142E-02   1.841022E-02   1.792014E-02   1.729257E-02   1.679290E-02   1.604456E-02   1.587212E-02   1.612972E-02   1.581588E-02
   2.296016E-03  -6.749866E-03   3.722068E-02  -1.404417E-01   1.000000E+00  -1.368523E-01   4.289351E-02   1.988645E-03   1.456110E-02   2.495499E-02   1.151714E-02   1.320941E-02   1.536552E-02   1.571758E-02   1.845934E-02   2.106491E-02   2.297443E-02   2.520731E-02   2.258099E-02   2.526646E-02   2.811278E-02   2.958664E-02   2.997191E-02   2.987778E-02   2.985976E-02   3.052226E-02   3.060154E-02   3.044879E-02   3.125243E-02   3.136411E-02   3.178007E-02   3.198246E-02   3.251236E-02   3.316586E-02   3.120919E-02   3.342135E-02   3.126404E-02   3.029262E-02   3.017059E-02   3.249981E-02   3.167212E-02   3.059854E-02   2.975017E-02   2.845973E-02   2.818664E-02   2.867536E-02   2.814396E-02
   1.102773E-02   3.697651E-03  -4.839255E-03   3.978915E-02  -1.368523E-01   1.000000E+00  -1.334073E-01   4.657168E-02   7.330017E-03   1.930998E-02   2.932310E-02   1.770627E-02   2.063680E-02   2.114730E-02   2.488839E-02   2.846918E-02   3.112250E-02   3.422555E-02   3.072316E-02   3.444184E-02   3.839908E-02   4.049910E-02   4.110651E-02   4.104982E-02   4.110351E-02   4.210167E-02   4.229359E-02   4.216100E-02   4.334429E-02   4.356081E-02   4.420007E-02   4.454302E-02   4.535209E-02   4.634436E-02   4.367796E-02   4.683834E-02   4.387750E-02   4.257691E-02   4.246622E-02   4.580846E-02   4.470274E-02   4.324527E-02   4.210427E-02   4.033516E-02   4.000116E-02   4.074524E-02   4.003303E-02
  -3.528367E-03   1.298906E-02   5.973385E-03  -1.940235E-03   4.289351E-02  -1.334073E-01   1.000000E+00  -1.295717E-01   5.122277E-02   1.122938E-02   2.258747E-02   3.451281E-02   2.415058E-02   2.478285E-02   2.921332E-02   3.347469E-02   3.665746E-02   4.038055E-02   3.630430E-02   4.075639E-02   4.550688E-02   4.807071E-02   4.886090E-02   4.885615E-02   4.898724E-02   5.025005E-02   5.054900E-02   5.045674E-02   5.193285E-02   5.224526E-02   5.306454E-02   5.352849E-02   5.456035E-02   5.582099E-02   5.266574E-02   5.653032E-02   5.300878E-02   5.148936E-02   5.140591E-02   5.550478E-02   5.421554E-02   5.249582E-02   5.115848E-02   4.905573E-02   4.869277E-02   4.963962E-02   4.880695E-02
  -4.120062E-03  -1.328593E-03   1.559559E-02   9.381437E-03   1.988645E-03   4.657168E-02  -1.295717E-01   1.000000E+00  -1.225199E-01   5.607226E-02   1.564004E-02   2.936184E-02   4.264026E-02   2.975838E-02   3.512594E-02   4.030853E-02   4.420476E-02   4.876373E-02   4.389871E-02   4.934208E-02   5.516256E-02   5.834628E-02   5.937538E-02   5.943299E-02   5.965992E-02   6.127084E-02   6.170484E-02   6.165790E-02   6.352164E-02   6.395715E-02   6.501285E-02   6.563341E-02   6.695744E-02   6.857001E-02   6.474952E-02   6.955394E-02   6.527209E-02   6.345180E-02   6.339833E-02   6.850553E-02   6.696392E-02   6.488675E-02   6.328027E-02   6.072465E-02   6.031721E-02   6.152980E-02   6.053160E-02
  -5.122331E-03  -1.651798E-03   1.872598E-03   1.989484E-02   1.456110E-02   7.330017E-03   5.122277E-02  -1.225199E-01   1.000000E+00  -1.141295E-01   6.255770E-02   2.552011E-02   4.115671E-02   5.126110E-02   4.450553E-02   5.111822E-02   5.611037E-02   6.195363E-02   5.582070E-02   6.279373E-02   7.025848E-02   7.437484E-02   7.574344E-02   7.586858E-02   7.621224E-02   7.832763E-02   7.893696E-02   7.892819E-02   8.136183E-02   8.196341E-02   8.335912E-02   8.419668E-02   8.594114E-02   8.806098E-02   8.319736E-02   8.941228E-02   8.394738E-02   8.164501E-02   8.161443E-02   8.822985E-02   8.628309E-02   8.364324E-02   8.160818E-02   7.834687E-02   7.785292E-02   7.944801E-02   7.818503E-02
  -5.653257E-03  -1.823002E-03   2.076308E-03   6.509264E-03   2.495499E-02   1.930998E-02   1.122938E-02   5.607226E-02  -1.141295E-01   1.000000E+00  -1.090602E-01   7.002763E-02   3.512340E-02   4.653624E-02   6.305349E-02   5.709996E-02   6.271059E-02   6.928010E-02   6.245636E-02   7.029656E-02   7.869421E-02   8.334691E-02   8.491985E-02   8.509609E-02   8.551806E-02   8.792977E-02   8.864960E-02   8.867322E-02   9.143980E-02   9.214681E-02   9.374569E-02   9.471629E-02   9.670886E-02   9.912596E-02   9.367890E-02   1.007044E-01   9.457491E-02   9.200570E-02   9.199603E-02   9.947994E-02   9.731052E-02   9.435739E-02   9.208476E-02   8.842658E-02   8.788903E-02   8.970850E-02   8.829895E-02
  -5.883912E-03  -1.897378E-03   2.173253E-03   6.813180E-03   1.151714E-02   2.932310E-02   2.258747E-02   1.564004E-02   6.255770E-02  -1.090602E-01   1.000000E+00  -1.014338E-01   7.793543E-02   3.873587E-02   5.700588E-02   7.358836E-02   6.645085E-02   7.346906E-02   6.628268E-02   7.465821E-02   8.363720E-02   8.864534E-02   9.037740E-02   9.061936E-02   9.112472E-02   9.375344E-02   9.457640E-02   9.465344E-02   9.765621E-02   9.845787E-02   1.002115E-01   1.012929E-01   1.034712E-01   1.061080E-01   1.003213E-01   1.078885E-01   1.013629E-01   9.864937E-02   9.867895E-02   1.067495E-01   1.044625E-01   1.013311E-01   9.892802E-02   9.503365E-02   9.448884E-02   9.647613E-02   9.498741E-02
  -6.692993E-03  -2.158277E-03   2.488252E-03   7.800706E-03   1.320941E-02   1.770627E-02   3.451281E-02   2.936184E-02   2.552011E-02   7.002763E-02  -1.014338E-01   1.000000E+00  -8.633456E-02   8.605522E-02   5.542803E-02   7.457861E-02   9.013613E-02   8.551155E-02   7.721635E-02   8.704928E-02   9.760237E-02   1.035353E-01   1.056412E-01   1.060005E-01   1.066706E-01   1.098312E-01   1.108737E-01   1.110374E-01   1.146297E-01   1.156358E-01   1.177588E-01   1.190914E-01   1.217195E-01   1.248939E-01   1.181455E-01   1.271190E-01   1.194889E-01   1.163478E-01   1.164398E-01   1.260242E-01   1.233827E-01   1.197395E-01   1.169534E-01   1.124007E-01   1.118036E-01   1.142001E-01   1.124769E-01
  -7.724777E-03  -2.490988E-03   2.889911E-03   9.059907E-03   1.536552E-02   2.063680E-02   2.415058E-02   4.264026E-02   4.115671E-02   3.512340E-02   7.793543E-02  -8.633456E-02   1.000000E+00  -7.435271E-02   1.055189E-01   7.720838E-02   9.525432E-02   1.133094E-01   9.110028E-02   1.027820E-01   1.153315E-01   1.224361E-01   1.250144E-01   1.255205E-01   1.263975E-01   1.302306E-01   1.315496E-01   1.318211E-01   1.361594E-01   1.374233E-01   1.400131E-01   1.416627E-01   1.448594E-01   1.487133E-01   1.407437E-01   1.514987E-01   1.424667E-01   1.387820E-01   1.389516E-01   1.504532E-01   1.473608E-01   1.430676E-01   1.397948E-01   1.344064E-01   1.337418E-01   1.366555E-01   1.346343E-01
  -7.842414E-03  -2.528916E-03   2.951941E-03   9.254363E-03   1.571758E-02   2.114730E-02   2.478285E-02   2.975838E-02   5.126110E-02   4.653624E-02   3.873587E-02   8.605522E-02  -7.435271E-02   1.000000E+00  -5.864241E-02   1.186282E-01   8.882009E-02   1.085445E-01   1.071299E-01   1.066016E-01   1.197024E-01   1.271656E-01   1.299271E-01   1.305300E-01   1.315212E-01   1.355932E-01   1.370450E-01   1.374009E-01   1.419926E-01   1.433758E-01   1.461411E-01   1.479245E-01   1.513291E-01   1.554267E-01   1.471594E-01   1.584660E-01   1.490766E-01   1.452777E-01   1.455116E-01   1.576166E-01   1.544345E-01   1.499898E-01   1.466114E-01   1.410103E-01   1.403595E-01   1.434614E-01   1.413777E-01
  -9.144727E-03  -2.948865E-03   3.461072E-03   1.085050E-02   1.845934E-02   2.488839E-02   2.921332E-02   3.512594E-02   4.450553E-02   6.305349E-02   5.700588E-02   5.542803E-02   1.055189E-01  -5.864241E-02   1.000000E+00  -2.733118E-02   1.441662E-01   1.189925E-01   1.165561E-01   1.392130E-01   1.426833E-01   1.516819E-01   1.550719E-01   1.558798E-01   1.571550E-01   1.621171E-01   1.639437E-01   1.644545E-01   1.700304E-01   1.717608E-01   1.751456E-01   1.773532E-01   1.815117E-01   1.865095E-01   1.766604E-01   1.903038E-01   1.790948E-01   1.745970E-01   1.749430E-01   1.895654E-01   1.858041E-01   1.805187E-01   1.765131E-01   1.698274E-01   1.690970E-01   1.728849E-01   1.704177E-01
  -1.036317E-02  -3.341772E-03   3.942065E-03   1.235845E-02   2.106491E-02   2.846918E-02   3.347469E-02   4.030853E-02   5.111822E-02   5.709996E-02   7.358836E-02   7.457861E-02   7.720838E-02   1.186282E-01  -2.733118E-02   1.000000E+00   4.427592E-03   1.746575E-01   1.248457E-01   1.510268E-01   1.769725E-01   1.758613E-01   1.799005E-01   1.809379E-01   1.825220E-01   1.883950E-01   1.906213E-01   1.913122E-01   1.978894E-01   1.999864E-01   2.040085E-01   2.066589E-01   2.115913E-01   2.175117E-01   2.061066E-01   2.221034E-01   2.090975E-01   2.039214E-01   2.043992E-01   2.215615E-01   2.172393E-01   2.111297E-01   2.065130E-01   1.987563E-01   1.979621E-01   2.024545E-01   1.996150E-01
  -1.121837E-02  -3.617542E-03   4.291335E-03   1.345343E-02   2.297443E-02   3.112250E-02   3.665746E-02   4.420476E-02   5.611037E-02   6.271059E-02   6.645085E-02   9.013613E-02   9.525432E-02   8.882009E-02   1.441662E-01   4.427592E-03   1.000000E+00   3.802603E-02   1.750117E-01   1.577151E-01   1.868953E-01   2.061166E-01   1.994828E-01   2.007446E-01   2.026176E-01   2.092594E-01   2.118471E-01   2.127224E-01   2.201365E-01   2.225621E-01   2.271286E-01   2.301674E-01   2.357574E-01   2.424586E-01   2.298355E-01   2.477620E-01   2.333374E-01   2.276442E-01   2.282587E-01   2.475108E-01   2.427646E-01   2.360150E-01   2.309296E-01   2.223281E-01   2.215067E-01   2.265970E-01   2.234738E-01
  -1.221160E-02  -3.937818E-03   4.699706E-03   1.473369E-02   2.520731E-02   3.422555E-02   4.038055E-02   4.876373E-02   6.195363E-02   6.928010E-02   7.346906E-02   8.551155E-02   1.133094E-01   1.085445E-01   1.189925E-01   1.746575E-01   3.802603E-02   1.000000E+00   3.951348E-02   2.109732E-01   1.992133E-01   2.209141E-01   2.334149E-01   2.240479E-01   2.262663E-01   2.338186E-01   2.368372E-01   2.379341E-01   2.463387E-01   2.491562E-01   2.543689E-01   2.578700E-01   2.642395E-01   2.718659E-01   2.578111E-01   2.780171E-01   2.619236E-01   2.556236E-01   2.564033E-01   2.781247E-01   2.728823E-01   2.653813E-01   2.597466E-01   2.501515E-01   2.493009E-01   2.550999E-01   2.516442E-01
  -1.085125E-02  -3.499142E-03   4.202987E-03   1.317646E-02   2.258099E-02   3.072316E-02   3.630430E-02   4.389871E-02   5.582070E-02   6.245636E-02   6.628268E-02   7.721635E-02   9.110028E-02   1.071299E-01   1.165561E-01   1.248457E-01   1.750117E-01   3.951348E-02   1.000000E+00   4.476315E-02   2.147764E-01   1.928364E-01   2.061555E-01   2.150272E-01   2.060975E-01   2.130936E-01   2.159542E-01   2.170564E-01   2.248202E-01   2.274816E-01   2.323283E-01   2.356112E-01   2.415233E-01   2.485936E-01   2.358279E-01   2.543955E-01   2.397490E-01   2.340603E-01   2.348514E-01   2.548299E-01   2.501055E-01   2.433053E-01   2.382116E-01   2.294809E-01   2.287640E-01   2.341454E-01   2.310256E-01
  -1.204208E-02  -3.883130E-03   4.695626E-03   1.472087E-02   2.526646E-02   3.444184E-02   4.075639E-02   4.934208E-02   6.279373E-02   7.029656E-02   7.465821E-02   8.704928E-02   1.027820E-01   1.066016E-01   1.392130E-01   1.510268E-01   1.577151E-01   2.109732E-01   4.476315E-02   1.000000E+00   9.711667E-02   2.523105E-01   2.253618E-01   2.353345E-01   2.450223E-01   2.423708E-01   2.457431E-01   2.471076E-01   2.560512E-01   2.591807E-01   2.647983E-01   2.686329E-01   2.754740E-01   2.836460E-01   2.691735E-01   2.904583E-01   2.738218E-01   2.674085E-01   2.683961E-01   2.913184E-01   2.860034E-01   2.783085E-01   2.725604E-01   2.626454E-01   2.618936E-01   2.681192E-01   2.646033E-01
  -1.328783E-02  -4.284826E-03   5.216015E-03   1.635228E-02   2.811278E-02   3.839908E-02   4.550688E-02   5.516256E-02   7.025848E-02   7.869421E-02   8.363720E-02   9.760237E-02   1.153315E-01   1.197024E-01   1.426833E-01   1.769725E-01   1.868953E-01   1.992133E-01   2.147764E-01   9.711667E-02   1.000000E+00   1.459538E-01   2.865781E-01   2.574469E-01   2.683090E-01   2.843543E-01   2.780755E-01   2.797408E-01   2.899810E-01   2.936328E-01   3.001018E-01   3.045499E-01   3.124163E-01   3.218031E-01   3.054863E-01   3.297431E-01   3.109507E-01   3.037590E-01   3.049721E-01   3.311167E-01   3.251694E-01   3.165095E-01   3.100584E-01   2.988612E-01   2.980807E-01   3.052372E-01   3.012959E-01
  -1.386672E-02  -4.471479E-03   5.479821E-03   1.717931E-02   2.958664E-02   4.049910E-02   4.807071E-02   5.834628E-02   7.437484E-02   8.334691E-02   8.864534E-02   1.035353E-01   1.224361E-01   1.271656E-01   1.516819E-01   1.758613E-01   2.061166E-01   2.209141E-01   1.928364E-01   2.523105E-01   1.459538E-01   1.000000E+00   1.736869E-01   3.061154E-01   2.789610E-01   2.966347E-01   3.075911E-01   2.995814E-01   3.106689E-01   3.146938E-01   3.217366E-01   3.266125E-01   3.351649E-01   3.453607E-01   3.279571E-01   3.541035E-01   3.340208E-01   3.263904E-01   3.277888E-01   3.559923E-01   3.496962E-01   3.404758E-01   3.336260E-01   3.216634E-01   3.209015E-01   3.286793E-01   3.244992E-01
  -1.393801E-02  -4.494457E-03   5.542281E-03   1.737511E-02   2.997191E-02   4.110651E-02   4.886090E-02   5.937538E-02   7.574344E-02   8.491985E-02   9.037740E-02   1.056412E-01   1.250144E-01   1.299271E-01   1.550719E-01   1.799005E-01   1.994828E-01   2.334149E-01   2.061555E-01   2.253618E-01   2.865781E-01   1.736869E-01   1.000000E+00   1.852772E-01   3.169672E-01   2.974640E-01   3.095123E-01   3.181140E-01   3.198604E-01   3.241101E-01   3.314663E-01   3.365894E-01   3.455114E-01   3.561386E-01   3.382928E-01   3.653626E-01   3.447360E-01   3.369539E-01   3.384892E-01   3.677110E-01   3.613004E-01   3.518620E-01   3.448681E-01   3.325831E-01   3.318703E-01   3.399854E-01   3.357232E-01
  -1.379469E-02  -4.448231E-03   5.516829E-03   1.729532E-02   2.987778E-02   4.104982E-02   4.885615E-02   5.943299E-02   7.586858E-02   8.509609E-02   9.061936E-02   1.060005E-01   1.255205E-01   1.305300E-01   1.558798E-01   1.809379E-01   2.007446E-01   2.240479E-01   2.150272E-01   2.353345E-01   2.574469E-01   3.061154E-01   1.852772E-01   1.000000E+00   1.927580E-01   3.301368E-01   3.054932E-01   3.150745E-01   3.331412E-01   3.279965E-01   3.355353E-01   3.408127E-01   3.499460E-01   3.608168E-01   3.428298E-01   3.703549E-01   3.495362E-01   3.417358E-01   3.433799E-01   3.731149E-01   3.666969E-01   3.571998E-01   3.501789E-01   3.377798E-01   3.371264E-01   3.454386E-01   3.411665E-01
  -1.368236E-02  -4.411996E-03   5.504781E-03   1.725755E-02   2.985976E-02   4.110351E-02   4.898724E-02   5.965992E-02   7.621224E-02   8.551806E-02   9.112472E-02   1.066706E-01   1.263975E-01   1.315212E-01   1.571550E-01   1.825220E-01   2.026176E-01   2.262663E-01   2.060975E-01   2.450223E-01   2.683090E-01   2.789610E-01   3.169672E-01   1.927580E-01   1.000000E+00   2.098334E-01   3.389473E-01   3.122652E-01   3.315432E-01   3.423595E-01   3.407016E-01   3.461542E-01   3.555328E-01   3.666875E-01   3.485033E-01   3.765783E-01   3.555006E-01   3.476577E-01   3.494184E-01   3.797691E-01   3.733250E-01   3.637399E-01   3.566712E-01   3.441190E-01   3.435251E-01   3.520641E-01   3.477694E-01
  -1.387495E-02  -4.474087E-03   5.617337E-03   1.761041E-02   3.052226E-02   4.210167E-02   5.025005E-02   6.127084E-02   7.832763E-02   8.792977E-02   9.375344E-02   1.098312E-01   1.302306E-01   1.355932E-01   1.621171E-01   1.883950E-01   2.092594E-01   2.338186E-01   2.130936E-01   2.423708E-01   2.843543E-01   2.966347E-01   2.974640E-01   3.301368E-01   2.098334E-01   1.000000E+00   2.290346E-01   3.528665E-01   3.370853E-01   3.489391E-01   3.631313E-01   3.597794E-01   3.696344E-01   3.813474E-01   3.625363E-01   3.918401E-01   3.700024E-01   3.619329E-01   3.638572E-01   3.955587E-01   3.889386E-01   3.790397E-01   3.717577E-01   3.587546E-01   3.582100E-01   3.671854E-01   3.627675E-01
  -1.380679E-02  -4.452098E-03   5.622748E-03   1.762737E-02   3.060154E-02   4.229359E-02   5.054900E-02   6.170484E-02   7.893696E-02   8.864960E-02   9.457640E-02   1.108737E-01   1.315496E-01   1.370450E-01   1.639437E-01   1.906213E-01   2.118471E-01   2.368372E-01   2.159542E-01   2.457431E-01   2.780755E-01   3.075911E-01   3.095123E-01   3.054932E-01   3.389473E-01   2.290346E-01   1.000000E+00   2.384299E-01   3.707564E-01   3.481451E-01   3.634121E-01   3.753067E-01   3.765028E-01   3.885417E-01   3.694692E-01   3.994255E-01   3.772535E-01   3.691137E-01   3.711618E-01   4.035901E-01   3.969215E-01   3.869009E-01   3.795466E-01   3.663458E-01   3.658595E-01   3.750936E-01   3.706382E-01
  -1.364080E-02  -4.398566E-03   5.585950E-03   1.751202E-02   3.044879E-02   4.216100E-02   5.045674E-02   6.165790E-02   7.892819E-02   8.867322E-02   9.465344E-02   1.110374E-01   1.318211E-01   1.374009E-01   1.644545E-01   1.913122E-01   2.127224E-01   2.379341E-01   2.170564E-01   2.471076E-01   2.797408E-01   2.995814E-01   3.181140E-01   3.150745E-01   3.122652E-01   3.528665E-01   2.384299E-01   1.000000E+00   2.567830E-01   3.786770E-01   3.599769E-01   3.728324E-01   3.889212E-01   3.924577E-01   3.732797E-01   4.036304E-01   3.813075E-01   3.731626E-01   3.753131E-01   4.081880E-01   4.015234E-01   3.914622E-01   3.840943E-01   3.708049E-01   3.703777E-01   3.797886E-01   3.753311E-01
  -1.390644E-02  -4.484212E-03   5.725541E-03   1.794963E-02   3.125243E-02   4.334429E-02   5.193285E-02   6.352164E-02   8.136183E-02   9.143980E-02   9.765621E-02   1.146297E-01   1.361594E-01   1.419926E-01   1.700304E-01   1.978894E-01   2.201365E-01   2.463387E-01   2.248202E-01   2.560512E-01   2.899810E-01   3.106689E-01   3.198604E-01   3.331412E-01   3.315432E-01   3.370853E-01   3.707564E-01   2.567830E-01   1.000000E+00   2.786889E-01   4.008649E-01   3.809808E-01   3.983213E-01   4.166473E-01   3.884563E-01   4.201217E-01   3.969644E-01   3.885621E-01   3.908767E-01   4.251942E-01   4.183276E-01   4.079169E-01   4.003083E-01   3.865236E-01   3.861396E-01   3.960100E-01   3.914126E-01
  -1.386616E-02  -4.471210E-03   5.739157E-03   1.799230E-02   3.136411E-02   4.356081E-02   5.224526E-02   6.395715E-02   8.196341E-02   9.214681E-02   9.845787E-02   1.156358E-01   1.374233E-01   1.433758E-01   1.717608E-01   1.999864E-01   2.225621E-01   2.491562E-01   2.274816E-01   2.591807E-01   2.936328E-01   3.146938E-01   3.241101E-01   3.279965E-01   3.423595E-01   3.489391E-01   3.481451E-01   3.786770E-01   2.786889E-01   1.000000E+00   2.956319E-01   4.128319E-01   3.981612E-01   4.176067E-01   4.033210E-01   4.270062E-01   4.035410E-01   3.950705E-01   3.974933E-01   4.324656E-01   4.255519E-01   4.150280E-01   4.073509E-01   3.933845E-01   3.930503E-01   4.031517E-01   3.985183E-01
  -1.396183E-02  -4.502047E-03   5.808436E-03   1.820948E-02   3.178007E-02   4.420007E-02   5.306454E-02   6.501285E-02   8.335912E-02   9.374569E-02   1.002115E-01   1.177588E-01   1.400131E-01   1.461411E-01   1.751456E-01   2.040085E-01   2.271286E-01   2.543689E-01   2.323283E-01   2.647983E-01   3.001018E-01   3.217366E-01   3.314663E-01   3.355353E-01   3.407016E-01   3.631313E-01   3.634121E-01   3.599769E-01   4.008649E-01   2.956319E-01   1.000000E+00   3.142896E-01   4.332122E-01   4.219384E-01   4.076177E-01   4.458630E-01   4.139636E-01   4.053424E-01   4.078952E-01   4.438541E-01   4.368262E-01   4.260879E-01   4.182682E-01   4.039863E-01   4.036978E-01   4.141252E-01   4.094109E-01
  -1.396415E-02  -4.502783E-03   5.838598E-03   1.830403E-02   3.198246E-02   4.454302E-02   5.352849E-02   6.563341E-02   8.419668E-02   9.471629E-02   1.012929E-01   1.190914E-01   1.416627E-01   1.479245E-01   1.773532E-01   2.066589E-01   2.301674E-01   2.578700E-01   2.356112E-01   2.686329E-01   3.045499E-01   3.266125E-01   3.365894E-01   3.408127E-01   3.461542E-01   3.597794E-01   3.753067E-01   3.728324E-01   3.809808E-01   4.128319E-01   3.142896E-01   1.000000E+00   3.357399E-01   4.535877E-01   4.086231E-01   4.485539E-01   4.297834E-01   4.128745E-01   4.155395E-01   4.522413E-01   4.451463E-01   4.342657E-01   4.263560E-01   4.118550E-01   4.116139E-01   4.222961E-01   4.175325E-01
  -1.410192E-02  -4.547195E-03   5.927437E-03   1.858253E-02   3.251236E-02   4.535209E-02   5.456035E-02   6.695744E-02   8.594114E-02   9.670886E-02   1.034712E-01   1.217195E-01   1.448594E-01   1.513291E-01   1.815117E-01   2.115913E-01   2.357574E-01   2.642395E-01   2.415233E-01   2.754740E-01   3.124163E-01   3.351649E-01   3.455114E-01   3.499460E-01   3.555328E-01   3.696344E-01   3.765028E-01   3.889212E-01   3.983213E-01   3.981612E-01   4.332122E-01   3.357399E-01   1.000000E+00   3.660575E-01   4.451990E-01   4.558902E-01   4.367677E-01   4.333482E-01   4.280135E-01   4.658919E-01   4.586541E-01   4.475109E-01   4.394252E-01   4.245418E-01   4.243508E-01   4.354187E-01   4.305546E-01
  -1.428458E-02  -4.606084E-03   6.037611E-03   1.892793E-02   3.316586E-02   4.634436E-02   5.582099E-02   6.857001E-02   8.806098E-02   9.912596E-02   1.061080E-01   1.248939E-01   1.487133E-01   1.554267E-01   1.865095E-01   2.175117E-01   2.424586E-01   2.718659E-01   2.485936E-01   2.836460E-01   3.218031E-01   3.453607E-01   3.561386E-01   3.608168E-01   3.666875E-01   3.813474E-01   3.885417E-01   3.924577E-01   4.166473E-01   4.176067E-01   4.219384E-01   4.535877E-01   3.660575E-01   1.000000E+00   3.580427E-01   4.938011E-01   4.455996E-01   4.424054E-01   4.506490E-01   4.820193E-01   4.746077E-01   4.631496E-01   4.548516E-01   4.395128E-01   4.393773E-01   4.508967E-01   4.459109E-01
  -1.335383E-02  -4.305950E-03   5.673883E-03   1.778763E-02   3.120919E-02   4.367796E-02   5.266574E-02   6.474952E-02   8.319736E-02   9.367890E-02   1.003213E-01   1.181455E-01   1.407437E-01   1.471594E-01   1.766604E-01   2.061066E-01   2.298355E-01   2.578111E-01   2.358279E-01   2.691735E-01   3.054863E-01   3.279571E-01   3.382928E-01   3.428298E-01   3.485033E-01   3.625363E-01   3.694692E-01   3.732797E-01   3.884563E-01   4.033210E-01   4.076177E-01   4.086231E-01   4.451990E-01   3.580427E-01   1.000000E+00   3.738475E-01   4.484948E-01   4.155487E-01   4.246632E-01   4.670331E-01   4.524285E-01   4.415692E-01   4.337189E-01   4.191509E-01   4.190759E-01   4.301152E-01   4.254040E-01
  -1.421290E-02  -4.582946E-03   6.068900E-03   1.902601E-02   3.342135E-02   4.683834E-02   5.653032E-02   6.955394E-02   8.941228E-02   1.007044E-01   1.078885E-01   1.271190E-01   1.514987E-01   1.584660E-01   1.903038E-01   2.221034E-01   2.477620E-01   2.780171E-01   2.543955E-01   2.904583E-01   3.297431E-01   3.541035E-01   3.653626E-01   3.703549E-01   3.765783E-01   3.918401E-01   3.994255E-01   4.036304E-01   4.201217E-01   4.270062E-01   4.458630E-01   4.485539E-01   4.558902E-01   4.938011E-01   3.738475E-01   1.000000E+00   3.862016E-01   4.736426E-01   4.538179E-01   5.000989E-01   4.974447E-01   4.785144E-01   4.700679E-01   4.543364E-01   4.543091E-01   4.663286E-01   4.612655E-01
  -1.321381E-02  -4.260778E-03   5.670209E-03   1.777611E-02   3.126404E-02   4.387750E-02   5.300878E-02   6.527209E-02   8.394738E-02   9.457491E-02   1.013629E-01   1.194889E-01   1.424667E-01   1.490766E-01   1.790948E-01   2.090975E-01   2.333374E-01   2.619236E-01   2.397490E-01   2.738218E-01   3.109507E-01   3.340208E-01   3.447360E-01   3.495362E-01   3.555006E-01   3.700024E-01   3.772535E-01   3.813075E-01   3.969644E-01   4.035410E-01   4.139636E-01   4.297834E-01   4.367677E-01   4.455996E-01   4.484948E-01   3.862016E-01   1.000000E+00   3.475363E-01   4.532289E-01   4.679755E-01   4.665966E-01   4.608078E-01   4.451206E-01   4.302796E-01   4.303068E-01   4.417435E-01   4.369916E-01
  -1.272413E-02  -4.102874E-03   5.487051E-03   1.720191E-02   3.029262E-02   4.257691E-02   5.148936E-02   6.345180E-02   8.164501E-02   9.200570E-02   9.864937E-02   1.163478E-01   1.387820E-01   1.452777E-01   1.745970E-01   2.039214E-01   2.276442E-01   2.556236E-01   2.340603E-01   2.674085E-01   3.037590E-01   3.263904E-01   3.369539E-01   3.417358E-01   3.476577E-01   3.619329E-01   3.691137E-01   3.731626E-01   3.885621E-01   3.950705E-01   4.053424E-01   4.128745E-01   4.333482E-01   4.424054E-01   4.155487E-01   4.736426E-01   3.475363E-01   1.000000E+00   3.414055E-01   4.814442E-01   4.518902E-01   4.470042E-01   4.446447E-01   4.221592E-01   4.222397E-01   4.335157E-01   4.288976E-01
  -1.259255E-02  -4.060436E-03   5.458190E-03   1.711142E-02   3.017059E-02   4.246622E-02   5.140591E-02   6.339833E-02   8.161443E-02   9.199603E-02   9.867895E-02   1.164398E-01   1.389516E-01   1.455116E-01   1.749430E-01   2.043992E-01   2.282587E-01   2.564033E-01   2.348514E-01   2.683961E-01   3.049721E-01   3.277888E-01   3.384892E-01   3.433799E-01   3.494184E-01   3.638572E-01   3.711618E-01   3.753131E-01   3.908767E-01   3.974933E-01   4.078952E-01   4.155395E-01   4.280135E-01   4.506490E-01   4.246632E-01   4.538179E-01   4.532289E-01   3.414055E-01   1.000000E+00   3.892510E-01   4.783425E-01   4.446348E-01   4.428384E-01   4.337812E-01   4.257665E-01   4.371877E-01   4.325736E-01
  -1.347664E-02  -4.345496E-03   5.872484E-03   1.841022E-02   3.249981E-02   4.580846E-02   5.550478E-02   6.850553E-02   8.822985E-02   9.947994E-02   1.067495E-01   1.260242E-01   1.504532E-01   1.576166E-01   1.895654E-01   2.215615E-01   2.475108E-01   2.781247E-01   2.548299E-01   2.913184E-01   3.311167E-01   3.559923E-01   3.677110E-01   3.731149E-01   3.797691E-01   3.955587E-01   4.035901E-01   4.081880E-01   4.251942E-01   4.324656E-01   4.438541E-01   4.522413E-01   4.658919E-01   4.820193E-01   4.670331E-01   5.000989E-01   4.679755E-01   4.814442E-01   3.892510E-01   1.000000E+00   4.280719E-01   5.068204E-01   4.767303E-01   4.665242E-01   4.717638E-01   4.767161E-01   4.717296E-01
  -1.304893E-02  -4.207567E-03   5.716163E-03   1.792014E-02   3.167212E-02   4.470274E-02   5.421554E-02   6.696392E-02   8.628309E-02   9.731052E-02   1.044625E-01   1.233827E-01   1.473608E-01   1.544345E-01   1.858041E-01   2.172393E-01   2.427646E-01   2.728823E-01   2.501055E-01   2.860034E-01   3.251694E-01   3.496962E-01   3.613004E-01   3.666969E-01   3.733250E-01   3.889386E-01   3.969215E-01   4.015234E-01   4.183276E-01   4.255519E-01   4.368262E-01   4.451463E-01   4.586541E-01   4.746077E-01   4.524285E-01   4.974447E-01   4.665966E-01   4.518902E-01   4.783425E-01   4.280719E-01   1.000000E+00   4.067537E-01   4.921961E-01   4.542502E-01   4.602764E-01   4.776130E-01   4.652351E-01
  -1.252599E-02  -4.038935E-03   5.515982E-03   1.729257E-02   3.059854E-02   4.324527E-02   5.249582E-02   6.488675E-02   8.364324E-02   9.435739E-02   1.013311E-01   1.197395E-01   1.430676E-01   1.499898E-01   1.805187E-01   2.111297E-01   2.360150E-01   2.653813E-01   2.433053E-01   2.783085E-01   3.165095E-01   3.404758E-01   3.518620E-01   3.571998E-01   3.637399E-01   3.790397E-01   3.869009E-01   3.914622E-01   4.079169E-01   4.150280E-01   4.260879E-01   4.342657E-01   4.475109E-01   4.631496E-01   4.415692E-01   4.785144E-01   4.608078E-01   4.470042E-01   4.446348E-01   5.068204E-01   4.067537E-01   1.000000E+00   3.849258E-01   4.671205E-01   4.440004E-01   4.619953E-01   4.624536E-01
  -1.210047E-02  -3.901716E-03   5.356603E-03   1.679290E-02   2.975017E-02   4.210427E-02   5.115848E-02   6.328027E-02   8.160818E-02   9.208476E-02   9.892802E-02   1.169534E-01   1.397948E-01   1.466114E-01   1.765131E-01   2.065130E-01   2.309296E-01   2.597466E-01   2.382116E-01   2.725604E-01   3.100584E-01   3.336260E-01   3.448681E-01   3.501789E-01   3.566712E-01   3.717577E-01   3.795466E-01   3.840943E-01   4.003083E-01   4.073509E-01   4.182682E-01   4.263560E-01   4.394252E-01   4.548516E-01   4.337189E-01   4.700679E-01   4.451206E-01   4.446447E-01   4.428384E-01   4.767303E-01   4.921961E-01   3.849258E-01   1.000000E+00   3.591354E-01   4.602783E-01   4.485970E-01   4.498768E-01
  -1.150080E-02  -3.708347E-03   5.117897E-03   1.604456E-02   2.845973E-02   4.033516E-02   4.905573E-02   6.072465E-02   7.834687E-02   8.842658E-02   9.503365E-02   1.124007E-01   1.344064E-01   1.410103E-01   1.698274E-01   1.987563E-01   2.223281E-01   2.501515E-01   2.294809E-01   2.626454E-01   2.988612E-01   3.216634E-01   3.325831E-01   3.377798E-01   3.441190E-01   3.587546E-01   3.663458E-01   3.708049E-01   3.865236E-01   3.933845E-01   4.039863E-01   4.118550E-01   4.245418E-01   4.395128E-01   4.191509E-01   4.543364E-01   4.302796E-01   4.221592E-01   4.337812E-01   4.665242E-01   4.542502E-01   4.671205E-01   3.591354E-01   1.000000E+00   3.431390E-01   4.577564E-01   4.294520E-01
  -1.132177E-02  -3.650608E-03   5.062895E-03   1.587212E-02   2.818664E-02   4.000116E-02   4.869277E-02   6.031721E-02   7.785292E-02   8.788903E-02   9.448884E-02   1.118036E-01   1.337418E-01   1.403595E-01   1.690970E-01   1.979621E-01   2.215067E-01   2.493009E-01   2.287640E-01   2.618936E-01   2.980807E-01   3.209015E-01   3.318703E-01   3.371264E-01   3.435251E-01   3.582100E-01   3.658595E-01   3.703777E-01   3.861396E-01   3.930503E-01   4.036978E-01   4.116139E-01   4.243508E-01   4.393773E-01   4.190759E-01   4.543091E-01   4.303068E-01   4.222397E-01   4.257665E-01   4.717638E-01   4.602764E-01   4.440004E-01   4.602783E-01   3.431390E-01   1.000000E+00   3.570226E-01   4.539779E-01
  -1.145332E-02  -3.693016E-03   5.145064E-03   1.612972E-02   2.867536E-02   4.074524E-02   4.963962E-02   6.152980E-02   7.944801E-02   8.970850E-02   9.647613E-02   1.142001E-01   1.366555E-01   1.434614E-01   1.728849E-01   2.024545E-01   2.265970E-01   2.550999E-01   2.341454E-01   2.681192E-01   3.052372E-01   3.286793E-01   3.399854E-01   3.454386E-01   3.520641E-01   3.671854E-01   3.750936E-01   3.797886E-01   3.960100E-01   4.031517E-01   4.141252E-01   4.222961E-01   4.354187E-01   4.508967E-01   4.301152E-01   4.663286E-01   4.417435E-01   4.335157E-01   4.371877E-01   4.767161E-01   4.776130E-01   4.619953E-01   4.485970E-01   4.577564E-01   3.570226E-01   1.000000E+00   3.656580E-01
  -1.118411E-02  -3.606206E-03   5.044957E-03   1.581588E-02   2.814396E-02   4.003303E-02   4.880695E-02   6.053160E-02   7.818503E-02   8.829895E-02   9.498741E-02   1.124769E-01   1.346343E-01   1.413777E-01   1.704177E-01   1.996150E-01   2.234738E-01   2.516442E-01   2.310256E-01   2.646033E-01   3.012959E-01   3.244992E-01   3.357232E-01   3.411665E-01   3.477694E-01   3.627675E-01   3.706382E-01   3.753311E-01   3.914126E-01   3.985183E-01   4.094109E-01   4.175325E-01   4.305546E-01   4.459109E-01   4.254040E-01   4.612655E-01   4.369916E-01   4.288976E-01   4.325736E-01   4.717296E-01   4.652351E-01   4.624536E-01   4.498768E-01   4.294520E-01   4.539779E-01   3.656580E-01   1.000000E+00
   3.546905E+03  -5.696475E+02   1.439574E+02  -3.030173E+01   7.376138E+00   2.573893E+01  -6.259360E+00  -6.715370E+00  -8.797854E+00  -9.928403E+00  -1.059955E+01  -9.390838E+00  -8.482334E+00  -8.533294E+00  -9.461429E+00  -1.118868E+01  -9.965445E+00  -9.078292E+00  -7.098246E+00  -6.243934E+00  -6.379901E+00  -6.665931E+00  -6.763998E+00  -6.008472E+00  -5.061155E+00  -4.472623E+00  -4.668855E+00  -4.843223E+00  -4.638586E+00  -4.006405E+00  -3.589823E+00  -3.009681E+00  -2.938313E+00  -2.834811E+00  -2.800354E+00  -2.637799E+00  -2.324924E+00  -2.261200E+00  -1.970925E+00  -2.053143E+00  -2.030564E+00  -1.866360E+00  -1.766742E+00  -1.563151E+00  -1.442145E+00  -1.451697E+00  -1.435028E+00
  -5.696475E+02   4.469992E+03  -6.463179E+02   1.642318E+02  -2.434321E+01   9.688547E+00   2.586798E+01  -2.431011E+00  -3.184890E+00  -3.594152E+00  -3.837107E+00  -3.399536E+00  -3.070646E+00  -3.089086E+00  -3.425070E+00  -4.050340E+00  -3.607523E+00  -3.286365E+00  -2.569577E+00  -2.260306E+00  -2.309518E+00  -2.413053E+00  -2.448546E+00  -2.175043E+00  -1.832114E+00  -1.619064E+00  -1.690095E+00  -1.753211E+00  -1.679130E+00  -1.450282E+00  -1.299479E+00  -1.089471E+00  -1.063633E+00  -1.026165E+00  -1.013689E+00  -9.548436E-01  -8.415856E-01  -8.185169E-01  -7.134402E-01  -7.431994E-01  -7.350242E-01  -6.755833E-01  -6.395216E-01  -5.658246E-01  -5.220219E-01  -5.254782E-01  -5.194432E-01
   1.439574E+02  -6.463179E+02   4.523047E+03  -6.572591E+02   1.350297E+02  -1.275479E+01   1.196651E+01   2.870508E+01   3.631988E+00   4.117782E+00   4.421020E+00   3.942477E+00   3.583477E+00   3.627148E+00   4.043779E+00   4.806188E+00   4.304771E+00   3.945419E+00   3.104704E+00   2.749420E+00   2.828064E+00   2.974708E+00   3.037259E+00   2.713515E+00   2.299427E+00   2.044807E+00   2.147124E+00   2.239662E+00   2.156636E+00   1.872568E+00   1.686478E+00   1.421037E+00   1.394690E+00   1.353046E+00   1.343626E+00   1.271920E+00   1.126602E+00   1.101135E+00   9.647076E-01   1.010299E+00   1.004471E+00   9.281051E-01   8.831840E-01   7.855164E-01   7.282569E-01   7.364215E-01   7.309829E-01
  -3.030173E+01   1.642318E+02  -6.572591E+02   4.673688E+03  -5.179112E+02   1.066041E+02  -3.951078E+00   1.755257E+01   3.922424E+01   1.312253E+01   1.408888E+01   1.256386E+01   1.141979E+01   1.155896E+01   1.288668E+01   1.531634E+01   1.371844E+01   1.257327E+01   9.894072E+00   8.761843E+00   9.012457E+00   9.479773E+00   9.679108E+00   8.647401E+00   7.327787E+00   6.516367E+00   6.842431E+00   7.137331E+00   6.872744E+00   5.967474E+00   5.374441E+00   4.528535E+00   4.444571E+00   4.311861E+00   4.281839E+00   4.053326E+00   3.590232E+00   3.509074E+00   3.074308E+00   3.219597E+00   3.201021E+00   2.957659E+00   2.814504E+00   2.503259E+00   2.320785E+00   2.346804E+00   2.329471E+00
