# camspec.A_ps_217 camspec.A_sz cl_TT200 camspec.A_ksz cosmo.tau cl_TT120 cosmo.Yp camspec.cal_217 cl_TT40 camspec.r_cib cosmo.omch2 cosmo.theta cosmo.logkc cosmo.phi0 cl_TT20 cl_TT2 camspec.A_cib_217 camspec.Bm_1_1 camspec.A_ps_143 cl_TT80 camspec.r_ps camspec.cal_100 cl_TT500 cl_TT8 cosmo.H0 cl_TT6 cl_TT7 cl_TT4 cl_TT5 camspec.n_Dl_cib cl_TT3 cosmo.L camspec.A_cib_143 cosmo.ombh2 camspec.A_ps_100 camspec.xi_sz_cib
8.045994697290933573e+02 1.083114722058089185e+01 -1.872663946242996644e+02 3.921705336370958417e+00 3.132154345532810885e-02 -1.541978958359193825e+02 -6.948858633091344788e-04 -5.200372253488941623e-03 -3.846946246680081316e+01 -3.377292349025402096e+00 7.458299239833710882e-03 -2.687818784629708639e-05 1.137633111979738487e+00 9.117167423450033281e-01 -3.587923312817469679e+01 3.258648171607699169e+02 -3.670212860637607832e+02 4.436342344979924412e+00 3.581564649896406536e+02 -8.918317976791082913e+01 2.065277300143337769e+00 -5.473901500313055508e-04 1.256179913010547295e+02 -1.583459126058550339e+02 -4.961915145463372312e+00 -1.551042860146353917e+02 -1.903499485725586453e+02 2.223366196295952477e+02 -8.058767104098329526e+00 -1.025124650250852421e+00 3.908066687954835743e+02 -1.329793911903677905e+00 -2.645590944689564594e+02 -1.722124205297118071e-03 -7.194513500256416592e+02 -2.127293234259867827e+00
1.083114722058089185e+01 1.846453124725610451e+01 -5.765559161419794520e+00 1.621557345999796285e+00 4.107098373825708235e-03 -3.668009324758240819e+00 3.437780154378419320e-06 -4.063768929020422486e-04 -6.232916427395937653e+00 2.905741518432676807e-01 -1.505818252770876626e-03 6.176891137386738547e-07 1.535676700035429887e-01 6.261370435953308999e-02 -6.374213732817681333e+00 2.915486226424395966e+01 -4.868601730619985801e+00 9.367484542210223475e-02 6.567128348029859231e-01 -4.507139726664927792e+00 -4.908187964973025064e-02 2.910814573688160520e-04 1.025138681764204307e+00 -3.193928470732928293e+00 5.629143259535653865e-01 -2.114603960717286668e+01 -1.135041363565448869e+01 -2.952304713989457952e+01 -2.955603250616493938e+01 -5.195876523615809879e-03 -9.040872053720798718e+00 -9.898421883111468977e-02 -1.722599405463281386e+01 8.905208306870296861e-06 -2.273761206719073868e+02 -3.725451525842964351e-01
-1.872663946242997213e+02 -5.765559161419794520e+00 1.368434466739176059e+03 -3.304901166742800100e+00 3.214831898801219501e-02 8.837022476931874735e+02 2.911822055451012380e-03 6.981483105309813086e-03 1.662927016696462772e+02 6.538929377537455734e-01 -3.838396949481369391e-02 9.722236091490287500e-05 -5.420858862949524681e-01 -2.043121685603241922e-01 9.008888509313415227e+01 3.798651720788768671e+02 8.885719494764866511e+01 -5.075802485253587681e-01 -1.249612872469493823e+02 4.816413954597829843e+02 -1.113416300943739431e-02 1.460103453468878905e-03 1.404338561907143657e+01 1.815476310629633474e+02 2.285454228657309628e+01 2.246508883686486797e+02 2.004342140687820972e+02 2.477044003309293316e+02 2.436748311998497343e+02 3.657921151966059825e-01 2.626662147356976789e+02 3.277521178066788443e-01 7.545858471842774406e+01 7.242704077114236853e-03 3.236751528877096575e+02 -3.217278021011163447e-01
3.921705336370958417e+00 1.621557345999796285e+00 -3.304901166742799212e+00 1.878904913133213173e+00 1.399089727331298549e-03 -2.175668610823036531e+00 -1.112341461969648626e-05 5.669661750942537245e-06 -8.039989090576219466e-01 -5.495619943682403252e-02 -1.364054586083869765e-04 -3.818005766339458374e-07 2.231204321591893081e-01 1.665506975321270899e-02 -6.891800362680343683e-01 7.811357758077842561e+01 -3.579037259365927426e+00 -2.735645447877596212e-03 4.398240607698272520e+00 -1.336435595475797600e+00 8.734187461675922345e-03 -6.471661050362432024e-05 1.464798685613145413e+00 -1.799274391292311037e+01 1.474090877583439201e-02 -7.576492674674669914e+00 -1.736586310866461602e+01 4.282874528605703546e+01 1.363141675303136680e+01 5.580261427417234840e-03 6.968029140333185012e+01 -1.723547211304625806e-02 -4.523459406910268044e+00 -2.714849462430836760e-05 -3.796523083056755610e+01 -1.067739839389805906e-01
3.132154345532810885e-02 4.107098373825708235e-03 3.214831898801219501e-02 1.399089727331298549e-03 1.315703934524545249e-04 3.232286168504238527e-02 2.246265909838961457e-07 -4.648366378311667516e-07 3.130221096258960223e-02 -4.745310221213622378e-05 -4.735398059750759459e-06 8.467944050580010432e-09 3.227467592630026789e-04 3.534228336816412370e-04 3.096013006295650696e-02 2.992343353238870463e-01 -1.851175350805154760e-02 -3.185107673584737856e-04 6.664007954067398438e-03 3.055757042798831757e-02 -7.850247228579863292e-05 7.753080838977754947e-08 -4.826174660495906148e-03 1.154798789827154587e-01 2.416172615631918558e-03 8.856196465329255196e-02 1.061919837775841535e-01 9.560113315180346349e-02 7.616685204014499166e-02 -1.245351119673010986e-04 1.753545570331435655e-01 -3.473242650471361861e-04 -1.010497809230656747e-02 5.549718870181964532e-07 -9.126079422944871622e-02 -1.186521236909001212e-04
-1.541978958359193825e+02 -3.668009324758238598e+00 8.837022476931874735e+02 -2.175668610823037419e+00 3.232286168504238527e-02 5.830989959225425991e+02 1.757021707176930183e-03 4.742273066352294293e-03 1.270967058658895468e+02 6.214805650424716221e-01 -2.476293006489552195e-02 6.670834839341315740e-05 -5.531611121438353429e-01 -3.490345023336851038e-01 8.047757511567029098e+01 2.047579241465963946e+02 7.627139379168743005e+01 -6.857629786920740322e-01 -1.029756156145128188e+02 3.267867453735535150e+02 -8.932616643501808951e-02 1.143058154649586504e-03 1.514751472063046833e+01 1.780993369986601067e+02 1.462816860317019163e+01 1.931156030051288042e+02 1.911258943374095622e+02 1.257611064900603566e+02 1.711199185575213164e+02 2.612577825341143023e-01 1.055627033335976250e+02 5.758473620832069706e-01 6.642919167413387527e+01 4.369541349935297109e-03 2.648260120463910425e+02 -1.792673795746312082e-01
-6.948858633091344788e-04 3.437780154378426944e-06 2.911822055451012380e-03 -1.112341461969648626e-05 2.246265909838961192e-07 1.757021707176930183e-03 1.185562076976241467e-08 3.527459757298189791e-09 1.252928898767815484e-04 3.639786432356765815e-06 -7.812312973513161873e-08 2.590925066910119168e-10 2.574182455837950899e-06 2.729479938306211033e-06 -6.170420283463059260e-05 1.993343244785818636e-03 2.414573808674232549e-04 -1.191305748351832609e-05 -4.611938212550141221e-04 8.453012444084519357e-04 -2.067904268133741796e-06 1.331678958124164077e-09 -7.774018340914358319e-04 -2.592607799171410500e-04 6.065359201795321865e-05 2.090356232191086102e-04 -1.276039840096546065e-04 1.288360955392893600e-03 7.084781101258314298e-04 2.056922039976699037e-07 1.780649456971870100e-03 -4.162912255082925028e-06 2.310472405129447235e-04 2.945509168933282688e-08 3.828390677010591126e-04 3.261607033186052089e-07
-5.200372253488941623e-03 -4.063768929020422486e-04 6.981483105309813086e-03 5.669661750942537245e-06 -4.648366378311667516e-07 4.742273066352294293e-03 3.527459757298189791e-09 1.757210069217410999e-06 1.788743830076743859e-03 -1.399931183370810768e-05 -4.093451521442470632e-08 3.794506891600950133e-10 4.454539532902442580e-06 -1.332322429778051134e-05 1.485061726311971047e-03 3.805442579732518527e-03 2.558707114212849590e-03 2.570640696687500210e-05 4.436517446574979318e-03 3.019085233687385326e-03 -6.440658235372733698e-06 -3.318645444242350233e-08 1.373287285748918179e-03 3.680565197544088517e-03 3.518196258436949973e-05 -3.958324859547212964e-03 2.756144778797609170e-04 -4.846064115737579864e-03 -6.455615590448017353e-03 1.046347243549786386e-05 4.366657332155810044e-04 2.060879429968976912e-05 -1.071510278616960360e-03 8.953545988833274656e-09 -1.021948674252673341e-04 -2.103737244434098492e-05
-3.846946246680081316e+01 -6.232916427395937653e+00 1.662927016696462772e+02 -8.039989090576219466e-01 3.130221096258960223e-02 1.270967058658895468e+02 1.252928898767815484e-04 1.788743830076743859e-03 8.554998097038972560e+01 -3.378655244348131165e-02 2.996583210410533760e-03 4.820165977346416743e-06 -4.020790958269742643e-01 -5.969577333131373953e-01 8.303079927498514223e+01 -2.554978480742861180e+01 2.348847683863955638e+01 6.638106742922500469e-02 -2.409068297674571468e+01 9.958027528817318341e+01 6.548453864597841845e-02 6.547664350023827328e-04 8.122389543770067721e-01 1.446460861664640163e+02 -6.505241517161425291e-01 1.434282653491035830e+02 1.517895345497580024e+02 4.572907930694359635e+01 1.074988725717970226e+02 1.692845407267080660e-01 -1.349341301569121754e+01 1.028687970839938126e+00 1.262660004683816872e+01 3.101891345179150846e-04 1.247896450754523840e+02 -2.687204852142647815e-01
-3.377292349025402096e+00 2.905741518432676807e-01 6.538929377537455734e-01 -5.495619943682403252e-02 -4.745310221213622378e-05 6.214805650424716221e-01 3.639786432356765815e-06 -1.399931183370810937e-05 -3.378655244348131165e-02 4.464426975825775551e-02 -8.934952941414602760e-05 2.363246146808758372e-07 -4.430600373631346164e-03 -2.641641215922943715e-03 -4.750969749552270971e-02 -1.542949198959447488e+00 1.548590626122759772e+00 -2.201081697313183802e-02 -1.694165134420139607e+00 2.751724862437550656e-01 -1.548679866418890480e-02 1.133632488991402835e-05 -6.387230966452563941e-01 4.085836695372229710e-01 4.693413872183367641e-02 1.099801589052296746e+00 8.985578505936568927e-01 -5.439026774067268200e-01 5.847230105464426009e-01 -2.005629961926012460e-03 -1.516736839081225696e+00 3.486958212883737619e-03 1.283279039364137342e+00 9.002192056496253686e-06 5.995226529648320923e-01 3.663609246991400559e-02
7.458299239833710882e-03 -1.505818252770876843e-03 -3.838396949481369391e-02 -1.364054586083869765e-04 -4.735398059750759459e-06 -2.476293006489552195e-02 -7.812312973513161873e-08 -4.093451521442470632e-08 2.996583210410533760e-03 -8.934952941414601405e-05 3.357532158079893010e-06 -4.169775637488480376e-09 -4.657965242827625766e-06 -7.554785935960283349e-05 5.821424366030500570e-03 -2.774533438547106129e-02 -3.456220371822192692e-03 1.118343238691046849e-04 6.229497354971976798e-03 -9.994113930072677510e-03 3.198169313610586177e-05 -1.492361860247672369e-08 -6.356893820656637009e-03 -2.575628982159944465e-03 -1.492761011234917078e-03 1.084053764911580903e-04 -1.989354115627048770e-03 2.451945861743847800e-03 2.441003938260920963e-03 1.581925244013618654e-05 -5.810353382884844362e-03 1.222293693106029711e-04 -5.550027783912620492e-03 -1.944057103570103921e-07 8.735539027237641243e-04 -6.470605654695781733e-05
-2.687818784629708978e-05 6.176891137386741724e-07 9.722236091490287500e-05 -3.818005766339458374e-07 8.467944050580010432e-09 6.670834839341315740e-05 2.590925066910119168e-10 3.794506891600950133e-10 4.820165977346416743e-06 2.363246146808758372e-07 -4.169775637488480376e-09 3.313019330805847562e-11 7.120002035623653617e-08 1.048062215505816594e-07 -1.664318865681469798e-06 6.437746363607856873e-05 1.186748540759238137e-05 -3.311796394935025103e-07 -1.980251129140626846e-05 3.231975532439402730e-05 -1.335633710334320583e-07 -2.232603712495501294e-10 6.525777164226789700e-06 8.497754983826677104e-06 3.119154975961343824e-06 5.825779158293486092e-06 7.914676045713822653e-06 -1.334542598856435602e-05 -2.393019094758198480e-06 -5.323468381858161491e-08 -8.928763140573558914e-07 -1.611628844542204929e-07 1.275587147477617164e-05 6.435832186038678503e-10 3.450922646959795535e-05 -1.711645566078755655e-07
1.137633111979738487e+00 1.535676700035430442e-01 -5.420858862949524681e-01 2.231204321591893081e-01 3.227467592630026789e-04 -5.531611121438353429e-01 2.574182455837951746e-06 4.454539532902438345e-06 -4.020790958269742643e-01 -4.430600373631346164e-03 -4.657965242827625766e-06 7.120002035623653617e-08 2.004815155530280946e-01 1.119443417427254915e-02 -4.656643744740380786e-01 6.848109607532056486e+01 -9.490042418499612387e-01 -2.833264970268843620e-04 3.076359496227370371e+00 -4.493177812398341797e-01 7.986095810568012363e-03 -1.958866473735410260e-05 -1.623956147355195001e-01 -1.649453723363462032e+01 9.942803123940168950e-03 -6.336188601575687862e+00 -1.523455625720021089e+01 3.803656205499608234e+01 1.213972019936369406e+01 -5.980377979948822004e-03 6.212903963875573510e+01 -1.034830105183801724e-02 -7.223991963318296960e-01 6.640902564560561115e-06 -5.023961324920056981e+00 4.800358228580884484e-02
9.117167423450033281e-01 6.261370435953308999e-02 -2.043121685603241922e-01 1.665506975321270899e-02 3.534228336816412370e-04 -3.490345023336851038e-01 2.729479938306211033e-06 -1.332322429778051134e-05 -5.969577333131373953e-01 -2.641641215922943715e-03 -7.554785935960283349e-05 1.048062215505816594e-07 1.119443417427254915e-02 9.251963025824073983e-03 -6.640796157975397129e-01 4.024143081617065576e+00 -5.244354286235598517e-01 4.557551284912472918e-03 5.556849165572744775e-01 -4.529989949354915613e-01 5.037191241212247116e-04 -7.687422642279412505e-06 1.130579422069006995e-01 -1.408211608896605238e+00 3.594476803652036506e-02 -1.162539886390534960e+00 -1.487764264100312595e+00 1.498037398258503350e+00 -1.648958576200425796e-01 -2.357783050992347511e-03 3.244049249717514627e+00 -1.418705444738907820e-02 -3.820212764544827500e-01 6.797320941944354241e-06 -2.010834738206577654e+00 8.535373893216322482e-04
-3.587923312817469679e+01 -6.374213732817680444e+00 9.008888509313415227e+01 -6.891800362680345904e-01 3.096013006295650696e-02 8.047757511567029098e+01 -6.170420283463059260e-05 1.485061726311971047e-03 8.303079927498514223e+01 -4.750969749552270971e-02 5.821424366030500570e-03 -1.664318865681469798e-06 -4.656643744740380786e-01 -6.640796157975397129e-01 8.795501691646026643e+01 -7.667448676564941934e+01 2.298350160618567273e+01 4.230016169813846649e-02 -2.176613571725030738e+01 7.726575843224156870e+01 6.626429299149631802e-02 6.427136598187389773e-04 -1.515173252187009156e+00 1.549603477145591626e+02 -2.254072538861841224e+00 1.245900444306720516e+02 1.497572465250482026e+02 -1.228651489365716332e+00 7.177663687586229457e+01 1.695283487899885422e-01 -6.341928406136887020e+01 1.138558220925877329e+00 1.178408718651187037e+01 -1.550517000525378198e-04 1.221023275610084511e+02 -2.353215260818750376e-01
3.258648171607699169e+02 2.915486226424395966e+01 3.798651720788767534e+02 7.811357758077842561e+01 2.992343353238870463e-01 2.047579241465963946e+02 1.993343244785818636e-03 3.805442579732518527e-03 -2.554978480742861180e+01 -1.542949198959447488e+00 -2.774533438547106129e-02 6.437746363607856873e-05 6.848109607532056486e+01 4.024143081617065576e+00 -7.667448676564941934e+01 2.602420001560557648e+04 -2.890772979940621781e+02 -1.003313121693766297e+00 1.074624353707909449e+03 8.243268132571274975e+01 1.984112807746282847e+00 -6.148211240718308782e-03 -2.428479691546771946e+01 -6.051186757306894833e+03 1.635940445903976581e+01 -1.954609125168324681e+03 -5.460319521458467534e+03 1.532523706886931359e+04 5.225523988400221242e+03 -1.905370760945967801e+00 2.457914787654352040e+04 -3.547714240069348435e+00 -2.256836497069581071e+02 5.038512103985371728e-03 -1.239636897463096602e+03 1.470947382924973645e+01
-3.670212860637607832e+02 -4.868601730619985801e+00 8.885719494764866511e+01 -3.579037259365927426e+00 -1.851175350805154760e-02 7.627139379168743005e+01 2.414573808674232549e-04 2.558707114212849590e-03 2.348847683863955638e+01 1.548590626122759994e+00 -3.456220371822192692e-03 1.186748540759238137e-05 -9.490042418499612387e-01 -5.244354286235598517e-01 2.298350160618567273e+01 -2.890772979940621781e+02 1.768260150096862731e+02 -1.931141831710593726e+00 -1.669186734014350861e+02 4.647250650136380301e+01 -8.804051994889549038e-01 4.774723362213027507e-04 -5.002892087302332413e+01 1.143289923545859779e+02 2.115543878827770730e+00 9.397700262510008429e+01 1.279775438321980801e+02 -1.729859837117294035e+02 -1.215733973382385535e+01 5.899924878730221645e-01 -3.027109069811127711e+02 7.617875831984802781e-01 1.273945051766737464e+02 5.980818200284131018e-04 3.670190658059796647e+02 9.228271633079536684e-01
4.436342344979924412e+00 9.367484542210219312e-02 -5.075802485253587681e-01 -2.735645447877602283e-03 -3.185107673584736229e-04 -6.857629786920739212e-01 -1.191305748351832609e-05 2.570640696687499533e-05 6.638106742922499082e-02 -2.201081697313183802e-02 1.118343238691046849e-04 -3.311796394935025103e-07 -2.833264970268853378e-04 4.557551284912472918e-03 4.230016169813846649e-02 -1.003313121693766963e+00 -1.931141831710593726e+00 2.768633641782452526e-01 3.196118459268101120e+00 -2.857545051784046719e-01 1.907714684066462441e-02 -3.111913109065211864e-05 2.493690820984721057e+00 -7.911636162909113645e-01 -7.514238430765753096e-02 -2.038086366042457520e-01 -6.630942454255672747e-01 2.004050849150029734e+00 8.169755493155584913e-01 5.474821038201401618e-03 1.879590180313772896e+00 -7.116487494117447812e-03 -2.172664852455583606e+00 -2.956293431780204637e-05 9.500059980293119821e+00 1.839435405383828617e-02
3.581564649896406536e+02 6.567128348029859231e-01 -1.249612872469493823e+02 4.398240607698272520e+00 6.664007954067396704e-03 -1.029756156145128188e+02 -4.611938212550141221e-04 4.436517446574979318e-03 -2.409068297674571468e+01 -1.694165134420139607e+00 6.229497354971976798e-03 -1.980251129140627185e-05 3.076359496227370371e+00 5.556849165572744775e-01 -2.176613571725030738e+01 1.074624353707909449e+03 -1.669186734014350861e+02 3.196118459268101120e+00 4.521564642095726185e+02 -5.888633533472718540e+01 1.175525794435426929e+00 -1.298886753939700999e-03 7.474798158253928193e+01 -3.001357975416023010e+02 -3.779569018530828828e+00 -2.709477526755356962e+02 -3.467230960688768846e+02 5.255583422890343854e+02 1.814875121846850803e+01 -2.709907239461300521e-01 1.027750872056942626e+03 -7.355540177543563596e-01 -1.970756133311292899e+02 -1.137188771439939620e-03 -3.670037712569462087e+02 1.581500597272201158e+00
-8.918317976791082913e+01 -4.507139726664927792e+00 4.816413954597829843e+02 -1.336435595475797600e+00 3.055757042798831757e-02 3.267867453735535150e+02 8.453012444084519357e-04 3.019085233687385326e-03 9.958027528817318341e+01 2.751724862437550656e-01 -9.994113930072677510e-03 3.231975532439402730e-05 -4.493177812398341797e-01 -4.529989949354915613e-01 7.726575843224156870e+01 8.243268132571274975e+01 4.647250650136380301e+01 -2.857545051784046164e-01 -5.888633533472718540e+01 1.971231480070275381e+02 -1.110685034024186044e-02 8.511169636754986265e-04 8.999970788411001621e+00 1.520532535694547107e+02 6.361577812672649657e+00 1.574368458057883515e+02 1.610723302581321832e+02 7.925897157006674831e+01 1.297135817923286254e+02 1.999119656220856578e-01 4.202845384264404061e+01 7.691563006441772821e-01 3.686697158077294745e+01 2.101514595009299283e-03 1.809342938572923458e+02 -2.046135324730552207e-01
2.065277300143338213e+00 -4.908187964973025064e-02 -1.113416300943739431e-02 8.734187461675924080e-03 -7.850247228579859226e-05 -8.932616643501808951e-02 -2.067904268133741796e-06 -6.440658235372732004e-06 6.548453864597841845e-02 -1.548679866418890480e-02 3.198169313610586855e-05 -1.335633710334320583e-07 7.986095810568012363e-03 5.037191241212247116e-04 6.626429299149631802e-02 1.984112807746283069e+00 -8.804051994889549038e-01 1.907714684066462441e-02 1.175525794435426929e+00 -1.110685034024186044e-02 2.863004608477483573e-02 2.038283596915071960e-06 4.140272799270887649e-01 -3.308875367209941909e-01 -1.987342474365647385e-02 -8.338547505585567343e-01 -6.481192271971225605e-01 1.316105143086746532e-01 -6.216138102490353923e-01 1.170818350751452091e-03 1.239377574043318164e+00 -4.196663469951957231e-04 -2.983357224076895742e-01 -5.120149816422405782e-06 -4.452404244465644756e-01 2.867666208585313223e-02
-5.473901500313054424e-04 2.910814573688160520e-04 1.460103453468878905e-03 -6.471661050362432024e-05 7.753080838977754947e-08 1.143058154649586504e-03 1.331678958124164077e-09 -3.318645444242350233e-08 6.547664350023827328e-04 1.133632488991402835e-05 -1.492361860247672369e-08 -2.232603712495501294e-10 -1.958866473735410260e-05 -7.687422642279412505e-06 6.427136598187389773e-04 -6.148211240718308782e-03 4.774723362213027507e-04 -3.111913109065211864e-05 -1.298886753939700999e-03 8.511169636754986265e-04 2.038283596915071960e-06 1.494484804083507425e-07 -3.080338292684990133e-04 2.838609366052872226e-03 2.263638886060604567e-07 1.983118117217631728e-03 2.998394360217687855e-03 -3.814165664986484284e-03 -5.320789412521480114e-04 4.084170701667046200e-06 -6.134283325031710671e-03 1.175304865738395809e-05 4.268992672624596744e-04 3.236738628767405792e-09 -8.213644657269684839e-04 8.321142440720331689e-06
1.256179913010547153e+02 1.025138681764204529e+00 1.404338561907143657e+01 1.464798685613145413e+00 -4.826174660495906148e-03 1.514751472063046833e+01 -7.774018340914358319e-04 1.373287285748918179e-03 8.122389543770067721e-01 -6.387230966452563941e-01 -6.356893820656637009e-03 6.525777164226789700e-06 -1.623956147355195001e-01 1.130579422069006995e-01 -1.515173252187009156e+00 -2.428479691546773722e+01 -5.002892087302332413e+01 2.493690820984721057e+00 7.474798158253928193e+01 8.999970788411001621e+00 4.140272799270887649e-01 -3.080338292684990133e-04 1.617096578165843539e+02 3.915029307674580394e+01 8.914548075389283621e-01 -3.074243083747052552e+01 1.282962781820460485e+01 -9.660041084284858925e+01 -7.189393274386931409e+01 -7.013055661414216435e-02 -8.879218189532191730e+01 -1.867361190374536017e-01 -4.405905623693546147e+01 -1.928857325074533665e-03 -8.531604240583018850e+01 -3.426205862163146931e-01
-1.583459126058550339e+02 -3.193928470732928293e+00 1.815476310629633474e+02 -1.799274391292311037e+01 1.154798789827154587e-01 1.780993369986601067e+02 -2.592607799171410500e-04 3.680565197544088517e-03 1.446460861664640163e+02 4.085836695372231375e-01 -2.575628982159944465e-03 8.497754983826677104e-06 -1.649453723363462032e+01 -1.408211608896605238e+00 1.549603477145591626e+02 -6.051186757306894833e+03 1.143289923545859779e+02 -7.911636162909113645e-01 -3.001357975416023010e+02 1.520532535694547107e+02 -3.308875367209942464e-01 2.838609366052872226e-03 3.915029307674580394e+01 2.838962969816599525e+03 5.911022739506086587e-01 6.623017433057837025e+02 2.438998403292143394e+03 -5.532410524814591554e+03 -2.338943875983844009e+03 6.367265846039249499e-01 -7.192627318364326129e+03 1.861050332898719795e+00 9.643538536682477513e+01 -6.655981977013707834e-04 3.722276403859473817e+02 -3.264578487291308395e+00
-4.961915145463372312e+00 5.629143259535653865e-01 2.285454228657309628e+01 1.474090877583439201e-02 2.416172615631918558e-03 1.462816860317019163e+01 6.065359201795321865e-05 3.518196258436949973e-05 -6.505241517161425291e-01 4.693413872183367641e-02 -1.492761011234917078e-03 3.119154975961343824e-06 9.942803123940168950e-03 3.594476803652036506e-02 -2.254072538861841224e+00 1.635940445903976581e+01 2.115543878827770730e+00 -7.514238430765754484e-02 -3.779569018530828828e+00 6.361577812672649657e+00 -1.987342474365647385e-02 2.263638886060604567e-07 8.914548075389283621e-01 5.911022739506091028e-01 7.590558309359379807e-01 5.327093115696257541e-01 6.284421642196929003e-01 1.479825051793438151e+00 5.343084280692282917e-01 -6.918045946028952495e-03 5.954604881585518150e+00 -5.734726342640914659e-02 2.873397678444181036e+00 1.508360584730857252e-04 1.615941471975445909e+00 1.849755334306615526e-02
-1.551042860146353917e+02 -2.114603960717286668e+01 2.246508883686486797e+02 -7.576492674674669914e+00 8.856196465329253809e-02 1.931156030051288042e+02 2.090356232191086102e-04 -3.958324859547212964e-03 1.434282653491035830e+02 1.099801589052296746e+00 1.084053764911580903e-04 5.825779158293487786e-06 -6.336188601575687862e+00 -1.162539886390534960e+00 1.245900444306720516e+02 -1.954609125168324681e+03 9.397700262510008429e+01 -2.038086366042457520e-01 -2.709477526755356962e+02 1.574368458057883515e+02 -8.338547505585568453e-01 1.983118117217631728e-03 -3.074243083747052552e+01 6.623017433057837025e+02 5.327093115696257541e-01 3.595086674162784675e+03 2.266690642332971493e+03 1.727807154299121748e+03 3.589732848772209309e+03 2.605735691633856987e-01 -9.637773438166250344e+02 1.819668235776387366e+00 1.163357160280183820e+02 5.133408465923552889e-04 6.435540306118781473e+02 -2.253621108602219092e+00
-1.903499485725586453e+02 -1.135041363565448869e+01 2.004342140687820972e+02 -1.736586310866461602e+01 1.061919837775841396e-01 1.911258943374095622e+02 -1.276039840096546065e-04 2.756144778797609170e-04 1.517895345497580024e+02 8.985578505936568927e-01 -1.989354115627048770e-03 7.914676045713822653e-06 -1.523455625720021089e+01 -1.487764264100312595e+00 1.497572465250482026e+02 -5.460319521458467534e+03 1.279775438321980801e+02 -6.630942454255672747e-01 -3.467230960688768846e+02 1.610723302581321832e+02 -6.481192271971225605e-01 2.998394360217687855e-03 1.282962781820460485e+01 2.438998403292143394e+03 6.284421642196929003e-01 2.266690642332971493e+03 2.970378844422381462e+03 -3.457944502630036368e+03 -8.090476203558434065e+01 5.789902678784742962e-01 -5.959552136397164759e+03 2.026221659053744961e+00 1.264628488033123688e+02 -3.345249003709098250e-04 5.747685460755209306e+02 -3.314535094790655112e+00
2.223366196295951909e+02 -2.952304713989457952e+01 2.477044003309293316e+02 4.282874528605703546e+01 9.560113315180346349e-02 1.257611064900603282e+02 1.288360955392893817e-03 -4.846064115737578996e-03 4.572907930694359635e+01 -5.439026774067268200e-01 2.451945861743847800e-03 -1.334542598856435263e-05 3.803656205499608234e+01 1.498037398258503350e+00 -1.228651489365716332e+00 1.532523706886931359e+04 -1.729859837117294035e+02 2.004050849150029734e+00 5.255583422890343854e+02 7.925897157006674831e+01 1.316105143086745977e-01 -3.814165664986484284e-03 -9.660041084284858925e+01 -5.532410524814591554e+03 1.479825051793438151e+00 1.727807154299121748e+03 -3.457944502630036368e+03 1.680239477598208396e+04 9.403607195511367536e+03 -9.562853347630499989e-01 1.956018587858757382e+04 -7.700602103328221260e-01 -1.306674640130194405e+02 3.246521289195696512e-03 -6.637650538405689815e+01 5.391157839311775390e+00
-8.058767104098327749e+00 -2.955603250616494293e+01 2.436748311998497343e+02 1.363141675303136680e+01 7.616685204014499166e-02 1.711199185575213164e+02 7.084781101258314298e-04 -6.455615590448018221e-03 1.074988725717970226e+02 5.847230105464426009e-01 2.441003938260920963e-03 -2.393019094758194669e-06 1.213972019936369406e+01 -1.648958576200425796e-01 7.177663687586229457e+01 5.225523988400221242e+03 -1.215733973382383404e+01 8.169755493155584913e-01 1.814875121846851158e+01 1.297135817923286254e+02 -6.216138102490353923e-01 -5.320789412521481198e-04 -7.189393274386931409e+01 -2.338943875983844009e+03 5.343084280692282917e-01 3.589732848772209309e+03 -8.090476203558435486e+01 9.403607195511367536e+03 7.414429236233800111e+03 -2.982505865774716658e-01 8.235312996879420098e+03 9.022898768726175245e-01 2.917684804646466645e+01 1.775980053333823172e-03 4.387034752862075493e+02 5.034224625569806433e-01
-1.025124650250852421e+00 -5.195876523615809879e-03 3.657921151966059825e-01 5.580261427417232238e-03 -1.245351119673010986e-04 2.612577825341143578e-01 2.056922039976697978e-07 1.046347243549786386e-05 1.692845407267080660e-01 -2.005629961926012460e-03 1.581925244013618654e-05 -5.323468381858161491e-08 -5.980377979948821136e-03 -2.357783050992347511e-03 1.695283487899885422e-01 -1.905370760945967801e+00 5.899924878730221645e-01 5.474821038201401618e-03 -2.709907239461301076e-01 1.999119656220856578e-01 1.170818350751452091e-03 4.084170701667046200e-06 -7.013055661414216435e-02 6.367265846039249499e-01 -6.918045946028952495e-03 2.605735691633856987e-01 5.789902678784742962e-01 -9.562853347630499989e-01 -2.982505865774716658e-01 8.313184031146992475e-03 -1.549846368816049758e+00 3.483442387147855663e-03 2.138798058701350535e-01 5.240218877066942712e-07 9.626931829266798246e-01 -1.457009302846352808e-03
3.908066687954835743e+02 -9.040872053720798718e+00 2.626662147356977357e+02 6.968029140333185012e+01 1.753545570331435655e-01 1.055627033335976250e+02 1.780649456971870534e-03 4.366657332155810044e-04 -1.349341301569121399e+01 -1.516736839081225696e+00 -5.810353382884844362e-03 -8.928763140573635147e-07 6.212903963875573510e+01 3.244049249717514627e+00 -6.341928406136886309e+01 2.457914787654352040e+04 -3.027109069811127711e+02 1.879590180313773340e+00 1.027750872056942626e+03 4.202845384264404061e+01 1.239377574043318164e+00 -6.134283325031710671e-03 -8.879218189532191730e+01 -7.192627318364326129e+03 5.954604881585517262e+00 -9.637773438166250344e+02 -5.959552136397164759e+03 1.956018587858757382e+04 8.235312996879420098e+03 -1.549846368816049758e+00 2.725999488526875939e+04 -2.602940599239622621e+00 -2.650328273059051298e+02 4.497640891896725543e-03 -7.310932973031767688e+02 1.150664056963713477e+01
-1.329793911903677905e+00 -9.898421883111468977e-02 3.277521178066788443e-01 -1.723547211304625806e-02 -3.473242650471361319e-04 5.758473620832068596e-01 -4.162912255082925028e-06 2.060879429968976912e-05 1.028687970839938126e+00 3.486958212883737619e-03 1.222293693106029711e-04 -1.611628844542204929e-07 -1.034830105183801724e-02 -1.418705444738907820e-02 1.138558220925877329e+00 -3.547714240069348435e+00 7.617875831984802781e-01 -7.116487494117447812e-03 -7.355540177543563596e-01 7.691563006441773931e-01 -4.196663469951957231e-04 1.175304865738395809e-05 -1.867361190374536017e-01 1.861050332898719795e+00 -5.734726342640914659e-02 1.819668235776387366e+00 2.026221659053744961e+00 -7.700602103328221260e-01 9.022898768726175245e-01 3.483442387147855663e-03 -2.602940599239622621e+00 2.237814166938459359e-02 5.503120370633979297e-01 -1.036479010295594714e-05 2.958376913892704518e+00 1.371605594479546723e-04
-2.645590944689564594e+02 -1.722599405463281386e+01 7.545858471842774406e+01 -4.523459406910268044e+00 -1.010497809230657094e-02 6.642919167413387527e+01 2.310472405129447235e-04 -1.071510278616960576e-03 1.262660004683816872e+01 1.283279039364137342e+00 -5.550027783912620492e-03 1.275587147477617164e-05 -7.223991963318294740e-01 -3.820212764544827500e-01 1.178408718651187037e+01 -2.256836497069581071e+02 1.273945051766737464e+02 -2.172664852455583606e+00 -1.970756133311292899e+02 3.686697158077294745e+01 -2.983357224076895742e-01 4.268992672624596744e-04 -4.405905623693546147e+01 9.643538536682477513e+01 2.873397678444181036e+00 1.163357160280183820e+02 1.264628488033123688e+02 -1.306674640130194405e+02 2.917684804646466645e+01 2.138798058701350535e-01 -2.650328273059052435e+02 5.503120370633979297e-01 1.850631900321677108e+02 5.715296890298687338e-04 5.393291410454028210e+02 3.694114846433956156e+00
-1.722124205297117855e-03 8.905208306870296861e-06 7.242704077114236853e-03 -2.714849462430836760e-05 5.549718870181964532e-07 4.369541349935297109e-03 2.945509168933282688e-08 8.953545988833274656e-09 3.101891345179150846e-04 9.002192056496253686e-06 -1.944057103570103921e-07 6.435832186038678503e-10 6.640902564560561115e-06 6.797320941944354241e-06 -1.550517000525378198e-04 5.038512103985371728e-03 5.980818200284131018e-04 -2.956293431780204637e-05 -1.137188771439939620e-03 2.101514595009299283e-03 -5.120149816422405782e-06 3.236738628767405792e-09 -1.928857325074533665e-03 -6.655981977013707834e-04 1.508360584730857252e-04 5.133408465923551805e-04 -3.345249003709098250e-04 3.246521289195695645e-03 1.775980053333823172e-03 5.240218877066944830e-07 4.497640891896725543e-03 -1.036479010295594714e-05 5.715296890298687338e-04 7.320647013010543675e-08 9.296361593050880704e-04 7.703972541672910796e-07
-7.194513500256416592e+02 -2.273761206719073868e+02 3.236751528877096575e+02 -3.796523083056755610e+01 -9.126079422944874397e-02 2.648260120463910425e+02 3.828390677010591126e-04 -1.021948674252673341e-04 1.247896450754523840e+02 5.995226529648320923e-01 8.735539027237641243e-04 3.450922646959795535e-05 -5.023961324920056981e+00 -2.010834738206577654e+00 1.221023275610084511e+02 -1.239636897463096602e+03 3.670190658059796647e+02 9.500059980293121598e+00 -3.670037712569462087e+02 1.809342938572923458e+02 -4.452404244465644756e-01 -8.213644657269684839e-04 -8.531604240583018850e+01 3.722276403859473817e+02 1.615941471975446353e+00 6.435540306118781473e+02 5.747685460755209306e+02 -6.637650538405689815e+01 4.387034752862075493e+02 9.626931829266798246e-01 -7.310932973031764277e+02 2.958376913892704518e+00 5.393291410454029347e+02 9.296361593050882872e-04 5.865362495587572084e+03 1.242951569951621771e+01
-2.127293234259868715e+00 -3.725451525842964351e-01 -3.217278021011161782e-01 -1.067739839389805628e-01 -1.186521236909000534e-04 -1.792673795746312082e-01 3.261607033186052089e-07 -2.103737244434098830e-05 -2.687204852142648370e-01 3.663609246991400559e-02 -6.470605654695784443e-05 -1.711645566078755655e-07 4.800358228580885872e-02 8.535373893216322482e-04 -2.353215260818750376e-01 1.470947382924973645e+01 9.228271633079536684e-01 1.839435405383828617e-02 1.581500597272201158e+00 -2.046135324730552763e-01 2.867666208585313223e-02 8.321142440720331689e-06 -3.426205862163146931e-01 -3.264578487291308395e+00 1.849755334306615526e-02 -2.253621108602219536e+00 -3.314535094790655112e+00 5.391157839311775390e+00 5.034224625569803102e-01 -1.457009302846352375e-03 1.150664056963713477e+01 1.371605594479546723e-04 3.694114846433956156e+00 7.703972541672910796e-07 1.242951569951621238e+01 3.347295937250386322e-01
