# camspec.A_ps_217 camspec.A_sz camspec.A_ksz cosmo.tau camspec.cal_217 camspec.r_cib camspec.n_Dl_cib cosmo.ns camspec.A_cib_217 cosmo.k_c camspec.Bm_1_1 cosmo.alpha_exp camspec.A_ps_143 camspec.r_ps camspec.cal_100 cosmo.omch2 cosmo.theta cosmo.logA camspec.A_cib_143 cosmo.ombh2 camspec.A_ps_100 camspec.xi_sz_cib
4.677149157454568922e+02 -1.044150133069646458e+01 2.405037778730676923e+00 3.578906096197113224e-02 -8.697109136830624698e-03 -2.370874836270613351e+00 -1.364834600455440805e+00 6.726610238123602488e-04 -2.251088793142968427e+02 3.379397713195195774e-01 1.541455440927159248e+00 7.668666965987997628e+02 1.178173450559694544e+02 3.362024523854876268e-01 -7.826607643968890114e-04 6.706776005609684822e-03 -1.117746452680771239e-05 1.019263272631846240e-01 -6.979326245592238820e+01 -2.782396344053929141e-04 -7.793294542650546930e+01 3.925079425653419385e-01
-1.044150133069646458e+01 1.947498660061172870e+01 -6.534276780812512397e-01 -1.905602324547247097e-03 3.918276685677449223e-04 4.323867078321863011e-01 5.631234754627854888e-02 -4.529760976437202658e-03 5.698007254322643433e+00 -1.831153282290295600e-02 4.186231202918618832e-01 -4.469597988235275210e+01 -3.407238962373630642e+01 -2.049474765820455402e-02 -9.233618926884772408e-05 1.300517765476359765e-03 2.517004045682779979e-07 1.307251020297674551e-02 -9.783099176256278895e+00 -4.088100704662713382e-05 -1.760243297868467209e+02 -5.917599657412793146e-01
2.405037778730677367e+00 -6.534276780812512397e-01 1.911152723640559659e+00 8.989787900776969893e-04 -1.788317146325616529e-05 -2.868517982968718516e-02 -2.450172671885529965e-02 -9.662526972840832472e-04 -2.818793072717214354e+00 -6.785540720301114388e-03 -7.309587934007083510e-02 -5.606217491537731412e+00 -1.554251215225989080e+00 -8.056665541655020496e-03 -1.914674328691161635e-05 3.801802408991637175e-04 -4.598816316533512403e-07 5.343523717951209964e-03 -3.264721907930033806e-01 -2.897847738360222205e-05 -8.941301424646599827e+00 4.768916493657821866e-04
3.578906096197112530e-02 -1.905602324547246446e-03 8.989787900776969893e-04 1.654248152512650223e-04 1.108031252230568183e-06 -5.692475418980186383e-05 -2.877655764998231333e-04 4.070720318628400251e-05 -2.945994580944711477e-02 2.651103195535523284e-05 6.722896621471367764e-04 1.391280330948271686e-02 6.701047540837767706e-03 -9.553348211376179011e-05 -1.556961151290643824e-07 -1.220304535571616316e-05 2.791074864539136094e-08 1.763009377027884668e-04 -1.381841304578942942e-02 1.257529523199905362e-06 -3.477138899727572757e-02 2.431746671013644914e-04
-8.697109136830624698e-03 3.918276685677448681e-04 -1.788317146325614835e-05 1.108031252230568183e-06 2.262924359213917668e-06 9.327743206940124806e-05 1.532549722261272282e-05 -3.755531935559834665e-07 4.688532435572173411e-03 1.859823601610055072e-06 4.662519097303166608e-06 -4.436384835571121482e-02 -2.949596859763070275e-03 -1.232190767365855617e-05 1.148170364369282774e-08 5.884959131776454206e-08 5.249708708576036392e-10 3.604377117864475960e-06 2.458503697458028735e-03 -8.765903179502811300e-09 -6.245045070820651710e-03 7.876498982769824673e-05
-2.370874836270613351e+00 4.323867078321863011e-01 -2.868517982968718516e-02 -5.692475418980186383e-05 9.327743206940124806e-05 5.394711436468199728e-02 -4.737809294302053049e-04 -1.497593628753694968e-04 1.173265085418584208e+00 1.837630569724755473e-03 -1.425105746889028784e-03 -4.080275859919649584e+00 -6.544836144690807656e-01 -5.124378051936578915e-03 -1.323882296869602813e-07 -5.897823422431902076e-05 1.279631029452024431e-07 2.666496700169494280e-05 6.071983802905915883e-01 -5.678158760533733691e-06 -1.127552806608255409e+00 4.306477888777329038e-02
-1.364834600455440805e+00 5.631234754627856276e-02 -2.450172671885529965e-02 -2.877655764998231333e-04 1.532549722261272282e-05 -4.737809294302051965e-04 1.284004224661493797e-02 -3.027481888058088598e-05 8.195786923530646861e-01 -1.430780366918291092e-03 -3.192561921009896505e-04 -3.020625162052535284e+00 -1.677658998844110960e-01 2.258775159047119851e-03 1.001139136219822539e-06 1.092336600644757732e-05 -1.902678484893507840e-08 -4.590536333898856359e-04 6.604882325920517772e-02 -2.926177371188111731e-07 -3.363756151102620939e-01 -4.501196834307242926e-03
6.726610238123590562e-04 -4.529760976437202658e-03 -9.662526972840832472e-04 4.070720318628400251e-05 -3.755531935559834665e-07 -1.497593628753695239e-04 -3.027481888058088598e-05 4.620418864806699610e-05 -7.191165630759248882e-03 -6.918510080758133507e-06 -1.992630400064909107e-04 3.729917756413340252e-02 5.176206179829942640e-03 -1.287663802551740146e-05 2.166029052680399732e-07 -1.422353046797994083e-05 1.496402821624610508e-08 -1.022843727866963403e-04 -7.808761698551456264e-03 1.141577021549504765e-06 9.754652008532545271e-03 1.297401801154200978e-04
-2.251088793142968427e+02 5.698007254322645210e+00 -2.818793072717214354e+00 -2.945994580944711477e-02 4.688532435572173411e-03 1.173265085418584208e+00 8.195786923530646861e-01 -7.191165630759248882e-03 1.198454113087254456e+02 -1.542329255180195369e-01 -6.196357089363967452e-01 -4.165847898176388071e+02 -5.059515234244876325e+01 -1.072200429417217854e-01 3.813167862642521445e-04 -2.485469339499942615e-03 3.336821664461965621e-06 -5.124316017638538834e-02 3.967032054266082497e+01 -2.598459628876444313e-04 7.207655225612268168e+01 -6.652467883698073847e-02
3.379397713195195774e-01 -1.831153282290295600e-02 -6.785540720301114388e-03 2.651103195535524300e-05 1.859823601610055072e-06 1.837630569724755473e-03 -1.430780366918291092e-03 -6.918510080758138589e-06 -1.542329255180195646e-01 7.338100918921511978e-03 1.423054586719101891e-03 8.057670757445322351e+00 2.282065302569535603e-01 2.556904779890553322e-04 -5.630879823756164021e-06 -2.817368182607528774e-06 1.083636065024399202e-08 8.813747435324919860e-05 2.957339702034620342e-03 3.545271028822439880e-06 1.191417085287239525e-01 9.806338026747648748e-03
1.541455440927159248e+00 4.186231202918620498e-01 -7.309587934007083510e-02 6.722896621471367764e-04 4.662519097303174232e-06 -1.425105746889028351e-03 -3.192561921009899758e-04 -1.992630400064909107e-04 -6.196357089363967452e-01 1.423054586719101891e-03 2.381547583497172216e-01 1.249288964850555317e+01 1.184596746375919142e-02 4.686388190059658106e-04 -1.739863220876898363e-05 1.759418342571550723e-04 2.973011628455937077e-07 2.812936286389748543e-03 -2.296909855734864392e-01 -1.747863643095078098e-05 1.031575888881014258e+01 1.490118045007269958e-02
7.668666965987997628e+02 -4.469597988235275210e+01 -5.606217491537728748e+00 1.391280330948271686e-02 -4.436384835571121482e-02 -4.080275859919649584e+00 -3.020625162052535284e+00 3.729917756413341640e-02 -4.165847898176388071e+02 8.057670757445322351e+00 1.249288964850555317e+01 3.154574499128354364e+04 5.057648289609428502e+02 -4.841675616841535912e-01 -8.958514080865846024e-03 2.780960352217090852e-03 1.687235521133908307e-04 -1.300059437331613048e-02 -9.347428235346902170e+01 9.185845856510176793e-03 8.415995037018469702e+02 7.805227149707176793e+00
1.178173450559694544e+02 -3.407238962373630642e+01 -1.554251215225989080e+00 6.701047540837765104e-03 -2.949596859763070275e-03 -6.544836144690807656e-01 -1.677658998844110960e-01 5.176206179829944375e-03 -5.059515234244876325e+01 2.282065302569535603e-01 1.184596746375917060e-02 5.057648289609428502e+02 2.635509643134130329e+02 -2.630850286422709017e-02 -4.028318065237904404e-04 1.124928545212372077e-03 2.257089906996283938e-06 4.910367143092014483e-03 -2.913566599021148207e+01 -3.393605043381707573e-04 2.972300055903598377e+02 3.739701160742290753e+00
3.362024523854876268e-01 -2.049474765820455402e-02 -8.056665541655020496e-03 -9.553348211376179011e-05 -1.232190767365855617e-05 -5.124378051936579782e-03 2.258775159047119851e-03 -1.287663802551739638e-05 -1.072200429417217854e-01 2.556904779890553864e-04 4.686388190059661359e-04 -4.841675616841537577e-01 -2.630850286422709017e-02 9.203788692845946487e-03 -9.834727962009172565e-07 2.039410241844412584e-05 -7.424083098471929263e-08 -7.423852665131167527e-05 1.136913228202350440e-01 -1.012209980715692882e-06 -7.113454408501322657e-02 1.791976427587181966e-02
-7.826607643968890114e-04 -9.233618926884772408e-05 -1.914674328691161974e-05 -1.556961151290643824e-07 1.148170364369282774e-08 -1.323882296869590372e-07 1.001139136219822539e-06 2.166029052680399732e-07 3.813167862642521445e-04 -5.630879823756164021e-06 -1.739863220876898363e-05 -8.958514080865846024e-03 -4.028318065237904404e-04 -9.834727962009172565e-07 1.581477026596391354e-07 -6.356995302848494481e-08 -3.664524895638713627e-11 -1.162975399650820241e-06 9.417777332376529734e-05 8.251933091776097781e-09 3.531629339201839898e-03 -1.172572238764691233e-05
6.706776005609683955e-03 1.300517765476359765e-03 3.801802408991637175e-04 -1.220304535571616316e-05 5.884959131776454206e-08 -5.897823422431903431e-05 1.092336600644757732e-05 -1.422353046797994083e-05 -2.485469339499942615e-03 -2.817368182607527080e-06 1.759418342571550723e-04 2.780960352217089985e-03 1.124928545212371426e-03 2.039410241844412584e-05 -6.356995302848494481e-08 7.139331130521598271e-06 -5.192498487045471845e-09 3.904018654011459177e-05 -1.917314890697285499e-03 -4.065471889544503977e-07 -1.593258051116497320e-02 -6.716136786941794110e-05
-1.117746452680771239e-05 2.517004045682779979e-07 -4.598816316533512932e-07 2.791074864539136094e-08 5.249708708576036392e-10 1.279631029452024431e-07 -1.902678484893508502e-08 1.496402821624610508e-08 3.336821664461965621e-06 1.083636065024400690e-08 2.973011628455937077e-07 1.687235521133908307e-04 2.257089906996284785e-06 -7.424083098471929263e-08 -3.664524895638713627e-11 -5.192498487045471845e-09 3.264539139712006134e-11 -1.641568368353062851e-09 -2.019443247294424373e-06 5.865248094982064738e-10 2.229552141049749695e-05 -3.990238923567270709e-08
1.019263272631846240e-01 1.307251020297674725e-02 5.343523717951209964e-03 1.763009377027884668e-04 3.604377117864475960e-06 2.666496700169498346e-05 -4.590536333898856359e-04 -1.022843727866963403e-04 -5.124316017638538834e-02 8.813747435324919860e-05 2.812936286389748543e-03 -1.300059437331613048e-02 4.910367143092014483e-03 -7.423852665131167527e-05 -1.162975399650820241e-06 3.904018654011459177e-05 -1.641568368353062851e-09 7.981172176403583066e-04 -1.392222196135168601e-02 -1.954465116651149136e-06 -1.572014309839799562e-01 -2.238036525727643382e-04
-6.979326245592238820e+01 -9.783099176256278895e+00 -3.264721907930033806e-01 -1.381841304578942942e-02 2.458503697458028735e-03 6.071983802905915883e-01 6.604882325920517772e-02 -7.808761698551456264e-03 3.967032054266082497e+01 2.957339702034620342e-03 -2.296909855734863559e-01 -9.347428235346902170e+01 -2.913566599021148207e+01 1.136913228202350440e-01 9.417777332376532444e-05 -1.917314890697285499e-03 -2.019443247294424373e-06 -1.392222196135168601e-02 6.891037566073366349e+01 -4.347445873471134201e-04 2.399215173490156872e+02 2.485477442844112872e+00
-2.782396344053928599e-04 -4.088100704662713382e-05 -2.897847738360222205e-05 1.257529523199905362e-06 -8.765903179502811300e-09 -5.678158760533733691e-06 -2.926177371188111731e-07 1.141577021549504765e-06 -2.598459628876444313e-04 3.545271028822439880e-06 -1.747863643095078098e-05 9.185845856510175059e-03 -3.393605043381707573e-04 -1.012209980715692882e-06 8.251933091776097781e-09 -4.065471889544503977e-07 5.865248094982064738e-10 -1.954465116651149136e-06 -4.347445873471134201e-04 8.069363391962363108e-08 -1.030783258521553083e-03 -1.388693027485831828e-05
-7.793294542650546930e+01 -1.760243297868467209e+02 -8.941301424646599827e+00 -3.477138899727573451e-02 -6.245045070820651710e-03 -1.127552806608255409e+00 -3.363756151102620939e-01 9.754652008532545271e-03 7.207655225612268168e+01 1.191417085287239941e-01 1.031575888881014258e+01 8.415995037018469702e+02 2.972300055903598377e+02 -7.113454408501324044e-02 3.531629339201839898e-03 -1.593258051116497320e-02 2.229552141049749695e-05 -1.572014309839799562e-01 2.399215173490156872e+02 -1.030783258521553083e-03 4.244754748723524244e+03 1.164063511391087680e+01
3.925079425653417720e-01 -5.917599657412793146e-01 4.768916493657795845e-04 2.431746671013644914e-04 7.876498982769824673e-05 4.306477888777329038e-02 -4.501196834307242059e-03 1.297401801154200978e-04 -6.652467883698073847e-02 9.806338026747648748e-03 1.490118045007269958e-02 7.805227149707176793e+00 3.739701160742290753e+00 1.791976427587181966e-02 -1.172572238764691233e-05 -6.716136786941794110e-05 -3.990238923567270047e-08 -2.238036525727644195e-04 2.485477442844112872e+00 -1.388693027485831828e-05 1.164063511391087680e+01 3.150278626361330270e-01
